0.01 0 0
0.0120226 0 0
0.0144544 0 0
0.017378 0 0
0.020893 0 0
0.0251189 0 0
0.0301995 0 0
0.0363078 0 0
0.0436516 0 0
0.0524807 0 0
0.0630957 0 0
0.0758578 0 0
0.0912011 0 0
0.109648 0 0
0.131826 0 0
0.158489 0 0
0.190546 0 0
0.229087 5e-08 3.81073e-06
0.275423 5.5e-06 0.000295177
0.331131 7.72344e-05 0.00287419
0.398107 0.000630241 0.0167956
0.47863 0.00398596 0.0792872
0.57544 0.0245746 0.469519
0.691831 0.441372 1.03134
0.831764 0.567407 0.784984
1 0.677337 0.541425
1.20226 0.76868 0.374544
1.44544 0.84341 0.253239
1.7378 0.904845 0.175437
2.0893 0.955741 0.121043
2.51189 0.998096 0.0844424
3.01995 1.03384 0.0594307
3.63078 1.06405 0.0415044
4.36516 1.0895 0.0290734
5.24807 1.11115 0.0205797
6.30957 1.12948 0.0145547
7.58578 1.14497 0.0102097
9.12011 1.15815 0.00718787
10.9648 1.16923 0.00507199
13.1826 1.17864 0.00352676
15.8489 1.18649 0.00246437
19.0546 1.19306 0.00171541
22.9087 1.19848 0.00119778
27.5423 1.20329 0.000834802
33.1131 1.20699 0.00058097
39.8107 1.21032 0.000406048
47.863 1.21303 0.000282082
57.544 1.21519 0.000195579
69.1831 1.21722 0.000133719
83.1764 1.21873 9.32985e-05
