100 1.22007 6.4742e-05
83.1764 1.21866 9.29137e-05
69.1831 1.21714 0.000135556
57.544 1.21521 0.000195719
47.863 1.21298 0.000278922
39.8107 1.21028 0.000402906
33.1131 1.20704 0.000578127
27.5423 1.20327 0.000829992
22.9087 1.19864 0.00120701
19.0546 1.19308 0.00171636
15.8489 1.18641 0.00246018
13.1826 1.17854 0.00350586
10.9648 1.16926 0.00502024
9.12011 1.15813 0.00722648
7.58578 1.14513 0.0102245
6.30957 1.12943 0.0146156
5.24807 1.11113 0.0205097
4.36516 1.08946 0.0289351
3.63078 1.06418 0.0414506
3.01995 1.03377 0.0589822
2.51189 0.998185 0.083564
2.0893 0.955599 0.120024
1.7378 0.904772 0.174092
1.44544 0.843405 0.25403
1.20226 0.768414 0.375249
1 0.677296 0.539515
0.831764 0.5677 0.773103
0.691831 0.441136 1.05517
0.57544 0.306533 1.28042
0.47863 0.183956 1.23393
0.398107 0.0896863 0.839432
0.331131 0.0716902 0.0904197
0.275423 0.0651197 0.0303631
0.229087 0.0640498 0.0231157
0.190546 0.0632551 0.00755532
0.158489 0.0630757 0.00301493
0.131826 0.0630177 0.00101125
0.109648 0.0630033 0.0002742
0.0912011 0.0630008 9.99737e-05
0.0758578 0.0630001 1.08506e-05
0.0630957 0.063 -1.14376e-08
0.0524807 0.063 -1.65323e-08
0.0436516 0.063 -2.38965e-08
0.0363078 0.063 -3.4541e-08
0.0301995 0.063 -4.99269e-08
0.0251189 0.063 -7.21663e-08
0.020893 0.063 -1.04312e-07
0.017378 0.063 -1.50777e-07
0.0144544 0.063 -2.17939e-07
0.0120226 0.063 -3.15017e-07
