0.01 -1.5296 1.01757 0.982952 0.966201 0.994999
0.0120226 -1.52757 1.00511 0.98143 0.963212 0.99398
0.0144544 -1.52513 0.975797 0.978267 0.95702 0.992759
0.017378 -1.52218 1.01141 0.976056 0.952695 0.991283
0.020893 -1.51864 1.05032 0.972396 0.945567 0.989512
0.0251189 -1.51438 0.986579 0.969118 0.939203 0.987433
0.0301995 -1.50921 1.01641 0.96407 0.929451 0.98503
0.0363078 -1.50302 1.02884 0.958944 0.919596 0.982394
0.0436516 -1.49548 1.01113 0.95139 0.905181 0.979699
0.0524807 -1.48642 1.0396 0.944304 0.891745 0.977289
0.0630957 -1.47546 1.02422 0.935263 0.874756 0.975627
0.0758578 -1.46214 1.0104 0.924328 0.854437 0.975301
0.0912011 -1.44593 1.06071 0.911183 0.830323 0.977117
0.109648 -1.42632 1.06349 0.895085 0.801265 0.98171
0.131826 -1.40211 1.09458 0.875441 0.766501 0.990123
0.158489 -1.37247 1.13639 0.851728 0.725562 1.00321
0.190546 -1.33534 1.23232 0.81731 0.668176 1.02215
0.229087 -1.28783 1.31886 0.601108 0.36404 1.04827
0.275423 -1.1763 1.486 0.0327035 0.00112728 1.10652
0.331131 -1.09417 1.4726 0.0331034 0.00115387 1.15084
0.398107 -0.994786 1.49927 0.033195 0.00116059 1.20183
0.47863 -0.881704 1.35353 0.0330255 0.00114536 1.25593
0.57544 -0.762816 1.09873 0.0322987 0.00109425 1.30839
0.691831 -0.647658 0.882031 0.0319771 0.00107129 1.35516
0.831764 -0.54301 0.639247 0.0315802 0.0010401 1.39344
1 -0.45242 0.457086 0.031389 0.00102728 1.42308
1.20226 -0.37546 0.32722 0.0311108 0.00100761 1.44549
1.44544 -0.311009 0.225757 0.031052 0.00100461 1.46177
1.7378 -0.258143 0.149661 0.0309848 0.000999933 1.47292
2.0893 -0.214252 0.101598 0.0310135 0.0010039 1.48127
2.51189 -0.1779 0.074402 0.0308995 0.000995898 1.487
3.01995 -0.147664 0.0500625 0.0310228 0.00100441 1.49119
3.63078 -0.12278 0.0346007 0.031158 0.00100999 1.49405
4.36516 -0.102045 0.0238435 0.031077 0.00100685 1.49579
5.24807 -0.0846973 0.016296 0.0311276 0.00101103 1.49726
6.30957 -0.0704971 0.0112963 0.0311063 0.00100861 1.49776
7.58578 -0.058489 0.00762819 0.0311449 0.00101127 1.4983
9.12011 -0.0483413 0.00528242 0.0310184 0.00100394 1.49875
10.9648 -0.0407395 0.00380745 0.0309795 0.000999531 1.49889
13.1826 -0.0334798 0.00254008 0.0310345 0.00100336 1.49956
15.8489 -0.0281919 0.00177169 0.030912 0.0009949 1.49968
19.0546 -0.0236048 0.00125388 0.0309908 0.00100163 1.49989
22.9087 -0.0196114 0.000878865 0.031025 0.00100484 1.49995
27.5423 -0.0161551 0.000604325 0.0309826 0.00100011 1.4999
33.1131 -0.0131924 0.000400384 0.0307708 0.000986876 1.50009
39.8107 -0.0112727 0.000285938 0.0308858 0.000994654 1.49992
47.863 -0.00913517 0.000197438 0.0309232 0.000997344 1.5
57.544 -0.00775205 0.000132705 0.0308722 0.000992334 1.49993
69.1831 -0.00660929 9.18791e-05 0.0309652 0.00100209 1.49992
83.1764 -0.00532425 6.53129e-05 0.0309024 0.00099488 1.49993
