100.0 -0.044011977777777773 0.000431661 0.03096873333333333 0.0009995505555555556 
83.1764 -0.05288495555555556 0.000632292111111111 0.031001288888888884 0.001001646 
69.18309999999998 -0.06370683333333332 0.0008984482222222223 0.030997544444444445 0.0010013557777777777 
57.544 -0.07598058888888888 0.001304048888888889 0.031012 0.0010034051111111112 
47.863 -0.09129136666666667 0.0018663366666666669 0.030990888888888884 0.0010010396666666668 
39.8107 -0.109031 0.0026978722222222224 0.031025244444444447 0.001003192 
33.1131 -0.130668 0.003837093333333333 0.03101108888888889 0.0010028164444444443 
27.542300000000004 -0.1560128888888889 0.005400223333333333 0.031051344444444445 0.0010055964444444444 
22.908700000000003 -0.18646033333333334 0.007829937777777778 0.030984888888888888 0.0010010737777777778 
19.054599999999997 -0.22270222222222222 0.011155388888888888 0.031106055555555553 0.0010094400000000001 
15.848900000000002 -0.26506955555555556 0.015710222222222223 0.031071066666666664 0.0010070143333333332 
13.182600000000004 -0.3148975555555556 0.022299644444444443 0.03112471111111111 0.0010106184444444444 
10.964799999999999 -0.3736648888888889 0.03132144444444444 0.031251966666666665 0.0010192 
9.120109999999999 -0.4423406666666667 0.04351472222222222 0.03123883333333334 0.0010186255555555556 
7.58578 -0.5216788888888889 0.06171979999999999 0.0313678 0.001027551111111111 
6.30957 -0.6130085555555556 0.08407633333333335 0.031527233333333335 0.001038362222222222 
5.248069999999999 -0.7179663333333334 0.11378655555555557 0.03171332222222222 0.0010515855555555554 
4.36516 -0.8372458888888888 0.1573392222222222 0.03196123333333334 0.0010690544444444446 
3.6307800000000006 -0.971353 0.21259455555555556 0.032221433333333334 0.0010870822222222222 
3.0199500000000006 -1.121441111111111 0.285047 0.0325228 0.0011088944444444446 
2.5118900000000006 -1.2871022222222221 0.37140633333333334 0.032880155555555554 0.0011343988888888887 
2.0893 -1.468102222222222 0.48837411111111106 0.03324914444444444 0.00116107 
1.7378 -1.6627955555555554 0.6253784444444445 0.03360415555555556 0.0011870933333333333 
1.4454399999999998 -1.8676544444444447 0.7883724444444444 0.033892844444444445 0.0012087222222222221 
1.20226 -2.077122222222222 0.9502396666666666 0.034077944444444445 0.0012227644444444445 
1.0 -2.282687777777778 1.0864855555555555 0.034116177777777784 0.0012265722222222224 
0.8317639999999998 -2.475937777777778 1.2147866666666667 0.0339433888888889 0.0012147633333333332 
0.6918309999999999 -2.6499122222222224 1.271661111111111 0.033436911111111106 0.001179661111111111 
0.57544 -2.800825555555556 1.3167522222222223 0.032747733333333334 0.0011317411111111113 
0.47863 -2.92842 1.3189188888888888 0.031945322222222225 0.0010774299999999999 
0.398107 -3.034871111111111 1.3363011111111112 0.0311996 0.0010287066666666664 
0.331131 -3.1227777777777774 1.3128177777777776 0.03054626666666667 0.0009863118888888888 
0.275423 -3.1956066666666665 1.2943488888888888 0.02946922222222222 0.0009183863333333331 
0.229087 -3.2560955555555555 1.23952 0.02902968888888889 0.0008879554444444445 
0.190546 -3.302791111111111 1.1516833333333334 0.027277255555555553 0.0007863815555555555 
0.158489 -3.338528888888889 1.07276 0.029029600000000003 0.0009107945555555555 
0.131826 -3.367021111111111 1.0526688888888889 0.0287994 0.000894180888888889 
0.10964799999999998 -3.3901777777777777 1.042403777777778 0.028319688888888892 0.000862890888888889 
0.09120110000000001 -3.409337777777777 1.0245514444444446 0.028290366666666664 0.0008647226666666667 
0.07585779999999999 -3.425114444444444 1.0307888888888888 0.028176311111111112 0.0008593333333333334 
0.06309569999999999 -3.4381677777777777 1.0245300000000002 0.02833991111111111 0.0008699097777777778 
0.0524807 -3.448983333333333 1.0101784444444446 0.028321088888888887 0.0008712336666666667 
0.043651600000000006 -3.4579488888888883 1.0265922222222221 0.028241 0.000866132888888889 
0.0363078 -3.465378888888889 1.0041096666666667 0.02823185555555555 0.0008669272222222223 
0.030199499999999997 -3.4715466666666663 1.0054535555555555 0.028281088888888892 0.0008687552222222223 
0.0251189 -3.4766744444444444 1.0016131111111113 0.02824506666666667 0.0008675184444444444 
0.020893 -3.4809277777777776 1.0028663333333336 0.028194533333333334 0.0008633847777777778 
0.017378 -3.4844655555555555 0.9987776666666668 0.0281872 0.0008627966666666666 
0.014454400000000003 -3.487397777777778 1.0001030000000002 0.028189011111111113 0.000862847 
0.012022599999999998 -3.4898411111111107 0.9987144444444443 0.028173055555555555 0.000862132 
