0.00120226 -1.5384 0.9928739999999999 0.8679746666666667 0.7533806666666667 
0.00144544 -1.5381600000000002 1.0101033333333334 0.8676986666666666 0.7529020000000001 
0.0017378 -1.53787 1.0218366666666665 0.8670616666666667 0.7517963333333334 
0.0020893 -1.53752 0.9933399999999999 0.866666 0.7511106666666666 
0.00251189 -1.53709 0.9865430000000001 0.865957 0.7498826666666667 
0.00301995 -1.5365899999999997 1.0049136666666667 0.8652516666666666 0.748662 
0.00363078 -1.5359799999999997 0.993923 0.8643513333333334 0.7471053333333334 
0.00436516 -1.53524 1.0137516666666666 0.8636113333333334 0.7458263333333334 
0.00524807 -1.5343600000000002 0.9945266666666667 0.8626523333333332 0.7441713333333334 
0.00630957 -1.5332999999999999 0.9787516666666667 0.861186 0.741645 
0.00758578 -1.5320166666666666 0.999658 0.8599576666666667 0.7395306666666666 
0.00912011 -1.5304866666666666 0.9944890000000001 0.8582573333333333 0.7366106666666666 
0.010964800000000002 -1.52863 0.9967976666666667 0.8566896666666667 0.733923 
0.013182599999999997 -1.52641 1.0359399999999999 0.8548680000000001 0.730806 
0.0158489 -1.5237233333333335 1.0248 0.8523633333333334 0.726531 
0.0190546 -1.5204966666666666 1.007295 0.8495333333333334 0.7217176666666667 
0.0229087 -1.5166033333333333 0.9903360000000001 0.846291 0.7162203333333333 
0.027542300000000002 -1.5119133333333334 0.9926603333333333 0.842768 0.710273 
0.0331131 -1.5062566666666666 1.03219 0.8381563333333334 0.7025253333333333 
0.0398107 -1.49943 1.0194233333333333 0.833246 0.6943210000000001 
0.04786300000000001 -1.49118 1.034781 0.8267183333333333 0.6834919999999999 
0.057544000000000005 -1.48121 1.01862 0.8196333333333333 0.6718303333333333 
0.0691831 -1.4691333333333334 1.0302200000000001 0.8112006666666667 0.6580823333333333 
0.0831764 -1.454443333333333 1.0410866666666667 0.8006946666666668 0.6411596666666667 
0.10000000000000002 -1.4366033333333335 1.0729666666666666 0.7883726666666666 0.6215896666666667 
0.120226 -1.41484 1.0778233333333334 0.772731 0.5971843333333333 
0.144544 -1.3880666666666668 1.0920233333333333 0.7540043333333334 0.5686083333333333 
0.17377999999999996 -1.35491 1.14602 0.728549 0.530901 
0.20892999999999998 -1.3131000000000002 1.2201866666666668 0.6952233333333334 0.48349133333333333 
0.251189 -1.22455 6.496073333333334 0.2086346 0.11921539000000002 
0.301995 -1.1373866666666668 1.4825533333333334 0.032906 0.0011408066666666666 
0.363078 -1.0465499999999999 1.4892266666666665 0.03324003333333333 0.0011629933333333331 
0.43651599999999996 -0.9395803333333334 1.41429 0.03320646666666666 0.00115949 
0.524807 -0.8223876666666667 1.22499 0.032697866666666665 0.0011215833333333334 
0.630957 -0.7045576666666666 0.9789683333333334 0.03220496666666667 0.0010867033333333334 
0.758578 -0.5938933333333334 0.7404873333333333 0.031772699999999994 0.0010559333333333332 
0.912011 -0.4960093333333333 0.5462049999999999 0.031419333333333334 0.0010315666666666668 
1.09648 -0.41230733333333336 0.3741763333333334 0.03126216666666667 0.0010192933333333335 
1.31826 -0.3420193333333333 0.25941433333333336 0.031118033333333333 0.0010099 
1.58489 -0.2834696666666667 0.18289233333333332 0.031025066666666667 0.0010038813333333332 
1.90546 -0.2352523333333333 0.12436166666666666 0.0309799 0.0010007836666666666 
2.29087 -0.19531333333333334 0.08508193333333335 0.030929366666666666 0.0009980479999999999 
2.75423 -0.1621753333333333 0.058264199999999995 0.031010199999999998 0.0010021046666666667 
3.31131 -0.13459833333333335 0.04141296666666667 0.031070633333333333 0.0010067533333333334 
3.9810700000000003 -0.11196833333333334 0.028794200000000002 0.030954766666666664 0.0009990886666666667 
4.7863 -0.0929919 0.019554866666666667 0.0309754 0.0010002106666666666 
5.7544 -0.07742249999999999 0.013461699999999998 0.030956833333333333 0.0009986333333333334 
6.918310000000001 -0.0642737 0.009333733333333333 0.031015 0.001002496 
8.31764 -0.053451200000000004 0.006439753333333333 0.03092606666666667 0.0009972786666666666 
10.0 -0.04444516666666667 0.004336306666666667 0.0309683 0.0009995966666666667 
