0.01 -1.5296 1.010830625 0.9833459999999999 0.9669755 
0.012022599999999998 -1.5275725000000002 1.012136875 0.981287875 0.962933375 
0.014454400000000003 -1.5251275 0.9945095 0.9786761250000001 0.9578166250000001 
0.017378 -1.5221825000000002 1.002702125 0.976020125 0.9526254999999999 
0.020893 -1.5186399999999998 1.0227309999999998 0.972225125 0.945235625 
0.0251189 -1.5143725 1.00536175 0.96848075 0.9379713749999999 
0.030199499999999997 -1.5092187499999996 1.0116985 0.963491625 0.928336625 
0.0363078 -1.5030124999999999 1.0181525 0.9582756249999999 0.9183166249999999 
0.043651600000000006 -1.4955012499999998 1.019151 0.951919875 0.90618175 
0.0524807 -1.4864362500000001 1.030785 0.9443372499999999 0.8918072499999999 
0.06309569999999999 -1.4754675 1.02914125 0.93519025 0.874623625 
0.07585779999999999 -1.4621675 1.0361137500000002 0.9245977499999999 0.8549338750000001 
0.09120110000000001 -1.4459775000000001 1.0610575000000002 0.9111729999999999 0.83030275 
0.10964799999999998 -1.426295 1.06556625 0.8954517499999999 0.801915125 
0.131826 -1.4021612499999998 1.0918700000000001 0.87565225 0.7668711250000001 
0.158489 -1.3724275 1.132485 0.8255761250000001 0.686335625 
0.190546 -1.3353175 1.17665 0.7937392499999999 0.63448375 
0.229087 -1.2878 1.31158375 0.652946625 0.43929299999999993 
0.275423 -1.1763062499999999 1.46300125 0.03251475 0.00111468 
0.331131 -1.09411375 1.49678875 0.0330901375 0.001153285 
0.398107 -0.9948925 1.45618875 0.0332441875 0.0011634112500000001 
0.47862999999999994 -0.88175575 1.3340775 0.033028199999999994 0.00114546125 
0.57544 -0.76302825 1.10793625 0.03246735 0.00110460625 
0.6918309999999999 -0.647891 0.8763258749999999 0.0320192125 0.0010731675 
0.8317639999999998 -0.543233375 0.640431875 0.031574937500000004 0.0010419575 
1.0 -0.4523098749999999 0.455162375 0.0312485875 0.0010192024999999998 
1.20226 -0.37550249999999996 0.31825050000000005 0.0311336375 0.001011458375 
1.4454399999999998 -0.31135012500000003 0.21954912499999998 0.031057124999999998 0.00100557325 
1.7378 -0.258130375 0.15086024999999997 0.0310275875 0.0010041845 
2.0893 -0.214261625 0.10252025000000001 0.031035200000000002 0.001003956375 
2.5118900000000006 -0.177919625 0.07218459999999999 0.0310198625 0.0010034125000000001 
3.0199500000000006 -0.14782887499999997 0.048958524999999996 0.030991674999999996 0.00100147625 
3.6307800000000006 -0.122793875 0.034426275 0.0310063875 0.0010019489999999998 
4.36516 -0.10197149999999999 0.023628375 0.0309332 0.0009976375 
5.248069999999999 -0.08477787499999999 0.016391187499999998 0.030998087500000004 0.0010019912500000001 
6.30957 -0.070528375 0.011118862499999998 0.030984800000000003 0.0010011235 
7.58578 -0.058552 0.007713425 0.031016800000000004 0.0010029065 
9.120109999999999 -0.048708425 0.00532359125 0.0309538125 0.0009990976250000001 
10.964799999999999 -0.0405641375 0.0037231850000000004 0.0309822125 0.0010004751250000002 
13.182600000000004 -0.0336642125 0.00258543625 0.030974487499999998 0.0010004794999999998 
15.8489 -0.028010962499999997 0.0017907200000000004 0.0309483375 0.0009986116249999998 
19.054599999999997 -0.023458387499999997 0.0012171125 0.030970937500000004 0.001000535 
22.908700000000003 -0.0194632375 0.0008560873750000002 0.030954499999999996 0.0009992018749999999 
27.542300000000004 -0.016179137500000003 0.0005868412499999999 0.0309626 0.0009992207500000001 
33.1131 -0.013422962499999998 0.000404036125 0.03098555 0.001000462125 
39.8107 -0.011201599999999999 0.0002823515 0.030992475000000002 0.00100150275 
47.863 -0.009256170000000001 0.000191323125 0.0309678625 0.0010002717499999999 
57.54399999999999 -0.0077987 0.000133073375 0.030951162499999997 0.000998237875 
69.18309999999998 -0.00643813125 9.333653750000001e-05 0.030987475 0.001001766125 
83.1764 -0.00533421 6.433438750000001e-05 0.0309624125 0.000999588625 
