0.00120226 -1.5383999999999998 0.9977647 0.9954942000000001 0.9910095999999999 
0.0014454399999999999 -1.5381599999999997 1.008363 0.995074 0.9901728999999999 
0.0017378 -1.53787 0.9963803 0.9945495 0.98913 
0.0020892999999999997 -1.5375200000000002 0.9941358000000001 0.9938105 0.9876609000000001 
0.0025118899999999997 -1.5370899999999998 0.9956463000000001 0.9931704 0.9863892 
0.00301995 -1.5365900000000001 0.9962990000000002 0.9923055 0.9846722 
0.00363078 -1.5359800000000001 1.0051828999999999 0.9914025000000002 0.9828811 
0.00436516 -1.53524 1.001944 0.9903559999999999 0.9808079999999999 
0.00524807 -1.5343599999999997 1.0049856 0.9892399999999999 0.9785987 
0.006309569999999999 -1.5332990000000002 0.9962581000000001 0.9878268 0.9758055999999999 
0.00758578 -1.5320199999999997 0.9919995999999998 0.9862261999999999 0.9726473999999999 
0.00912011 -1.5304800000000003 0.9947048000000001 0.9846412000000001 0.9695241000000001 
0.010964799999999999 -1.5286309999999999 1.0077222 0.9823687999999999 0.9650555000000001 
0.0131826 -1.5264060000000002 1.0027903 0.9801441000000001 0.9606917000000001 
0.0158489 -1.5237250000000002 1.0220683999999998 0.9772805 0.9550873 
0.0190546 -1.5204950000000002 0.9960640000000002 0.9740643 0.9488141999999999 
0.0229087 -1.5166030000000001 0.9977347 0.9703664999999999 0.9416253000000001 
0.0275423 -1.511914 1.015158 0.9661325999999999 0.9334318000000001 
0.0331131 -1.5062559999999998 1.0165956 0.9611924000000001 0.9239131 
0.03981069999999999 -1.4994340000000002 1.0263049 0.9551111999999999 0.9122648000000002 
0.047862999999999996 -1.491187 1.0142081 0.9482192999999999 0.8991534 
0.057544 -1.4812140000000003 1.053005 0.9399370000000001 0.8835217 
0.06918310000000001 -1.469131 1.049249 0.9298966 0.8647557000000001 
0.08317640000000001 -1.4544800000000002 1.04794 0.9184885000000002 0.8436779 
0.09999999999999999 -1.4366420000000002 1.071774 0.9038200999999999 0.8169659999999999 
0.12022599999999997 -1.4148399999999999 1.087596 0.8862791 0.7855787000000001 
0.144544 -1.388087 1.122416 0.8642002 0.7469586000000001 
0.17378000000000002 -1.354957 1.156286 0.8358072 0.6987209 
0.20893 -1.3131650000000001 1.219579 0.7411061999999999 0.5627157999999999 
0.25118900000000005 -1.2279339999999999 11.404198 0.26733316 0.171004334 
0.30199499999999996 -1.13728 1.4777050000000003 0.03281308 0.0011347710000000001 
0.36307799999999996 -1.046525 1.4910979999999998 0.03317352999999999 0.0011591000000000001 
0.436516 -0.9396254 1.421018 0.03311468999999999 0.001153262 
0.524807 -0.8224773000000001 1.236477 0.03261424 0.0011162540000000001 
0.6309570000000001 -0.7044979 0.9786533000000001 0.03222183 0.0010870950000000002 
0.758578 -0.5938457 0.7541191999999999 0.03169281 0.00105032 
0.9120109999999999 -0.4959816 0.5446327999999999 0.03142259000000001 0.001031574 
1.09648 -0.4121886999999999 0.38166690000000003 0.03121657 0.001017317 
1.3182600000000002 -0.3420092 0.2621018 0.03110998 0.0010094849999999999 
1.58489 -0.28357990000000005 0.17993940000000003 0.031057440000000002 0.0010058846999999999 
1.9054600000000002 -0.23505570000000003 0.1245224 0.031031350000000003 0.0010041656999999998 
2.2908699999999995 -0.1951349 0.08612187 0.030936210000000002 0.0009973280000000002 
2.75423 -0.16209449999999997 0.05908866 0.031024459999999997 0.0010035126999999998 
3.3113099999999998 -0.134671 0.04071552 0.030990270000000004 0.0010016591999999999 
3.98107 -0.1118432 0.02826304 0.030963730000000002 0.0009993598 
4.786299999999999 -0.09306052 0.01971678 0.030951940000000004 0.0009984131000000001 
5.754400000000001 -0.07730878999999999 0.013565169999999998 0.030878159999999998 0.0009936987 
6.91831 -0.06430468 0.009293988 0.030939879999999996 0.0009974069 
8.317639999999999 -0.05344605 0.006400667000000001 0.030957389999999994 0.0009992366000000001 
10.0 -0.044375040000000004 0.004446242999999999 0.030982500000000003 0.0010007356 
