100.0 -0.939047875 0.008804371250000002 0.031049925 0.00100540325 
83.1764 -1.11579125 0.0123752125 0.0310655125 0.0010061822499999999 
69.18309999999998 -1.3187787499999999 0.017406375 0.0311504875 0.0010118975 
57.54399999999999 -1.5556475 0.023870975000000003 0.031164662500000002 0.0010134475 
47.863 -1.8282562500000001 0.0331577125 0.031257375000000004 0.0010199075 
39.8107 -2.137315 0.045075475000000004 0.031375112499999996 0.00102737125 
33.1131 -2.4872299999999994 0.060139012500000005 0.0315104 0.0010370325 
27.542300000000004 -2.8739725 0.07946037499999999 0.031685975 0.0010494825 
22.908700000000003 -3.2995137499999996 0.10436318750000001 0.0318303375 0.0010594962500000001 
19.054599999999997 -3.7578825 0.13642437500000001 0.032077562500000004 0.00107707875 
15.8489 -4.245043750000001 0.169293625 0.0322845875 0.0010924775 
13.182600000000004 -4.74996125 0.208276875 0.0326129625 0.00111500375 
10.964799999999999 -5.264475 0.25295 0.032987975 0.00114188875 
9.120109999999999 -5.780320000000001 0.30729337500000004 0.033414 0.001172615 
7.58578 -6.285525 0.35524599999999995 0.033776825 0.001199315 
6.30957 -6.77466 0.40890275000000004 0.034104462499999995 0.001223745 
5.248069999999999 -7.242637500000001 0.47206099999999995 0.03448355 0.00125194 
4.36516 -7.684418750000001 0.5355329999999999 0.0348084875 0.0012772112499999998 
3.6307800000000006 -8.09855 0.596095125 0.035041575000000005 0.0012940125 
3.0199500000000006 -8.484763749999999 0.666385 0.0353104 0.0013140475000000002 
2.5118900000000006 -8.8429925 0.7441502499999999 0.0354392375 0.0013255462499999998 
2.0893 -9.175398750000001 0.8358101250000001 0.0354045125 0.0013221650000000001 
1.7378 -9.482535 0.92422325 0.0351982 0.00130753125 
1.4454399999999998 -9.76613125 1.0219247500000002 0.034792575000000006 0.0012772575000000001 
1.20226 -10.0249375 1.1168537499999998 0.0341972125 0.00123558 
1.0 -10.258825 1.1978000000000002 0.0335734 0.0011911475 
0.8317639999999998 -10.466012500000001 1.2704300000000002 0.032677112499999994 0.0011277962500000002 
0.6918309999999999 -10.646112500000001 1.3157625 0.0318533625 0.0010718824999999999 
0.57544 -10.7996625 1.3228612499999999 0.0311033125 0.001021812125 
0.47862999999999994 -10.928925 1.3165025000000001 0.0305291 0.00098443475 
0.398107 -11.036075 1.3177387500000002 0.029314225000000003 0.000908700375 
0.331131 -11.124775 1.2784 0.0285936875 0.000863090625 
0.275423 -11.191612499999998 1.145515 0.0320932625 0.0010894974999999998 
0.229087 -11.242875 1.063015 0.030010324999999997 0.00096354775 
0.190546 -11.2839375 1.035495 0.029507649999999996 0.0009333405 
0.158489 -11.3174375 1.03595375 0.028954649999999995 0.000905537 
0.131826 -11.345025 1.03631125 0.028880049999999997 0.000901006625 
0.10964799999999998 -11.367825 1.03520125 0.0287576125 0.000894338625 
0.09120110000000001 -11.386675 1.030254375 0.028781862499999998 0.000895270625 
0.07585779999999999 -11.402337500000002 1.0108865 0.0284733375 0.000876443125 
0.06309569999999999 -11.41525 1.0101225 0.0283566625 0.000870814 
0.0524807 -11.426012499999999 1.009952375 0.028438549999999993 0.0008773724999999999 
0.043651600000000006 -11.4349375 1.009435625 0.0283763875 0.0008745208749999998 
0.0363078 -11.442337499999999 1.0126190000000002 0.028378325 0.0008753669999999999 
0.030199499999999997 -11.448450000000001 1.0102267500000002 0.028324000000000002 0.00087250825 
0.0251189 -11.4535625 0.9995485000000001 0.028162075 0.000862811125 
0.020893 -11.4578375 0.9962932499999999 0.02814925 0.000862459875 
0.017378 -11.4613375 1.0132492499999999 0.028161349999999995 0.000863209 
0.014454400000000003 -11.464275 1.009525 0.028129175 0.0008610564999999999 
0.012022599999999998 -11.466737499999999 0.996637875 0.028109237500000002 0.0008604925 
