10.0 -0.09347901 0.008654930000000002 0.031073199999999995 0.0010069524 
8.317639999999999 -0.11093040000000001 0.01206979 0.031131589999999997 0.0010104636999999999 
6.91831 -0.13092580000000004 0.01696772 0.031199320000000003 0.0010147120000000003 
5.754400000000001 -0.154582 0.0238847 0.03108225 0.0010085510000000001 
4.786299999999999 -0.1815233 0.03220364999999999 0.03114963 0.0010128737 
3.98107 -0.21240699999999996 0.04381753 0.0313492 0.001026186 
3.3113099999999998 -0.24679119999999996 0.05915239 0.03145472 0.0010334019999999999 
2.75423 -0.2850874 0.080184 0.031602019999999995 0.0010441200000000002 
2.2908699999999995 -0.32697869999999996 0.10242003 0.03182692 0.001059716 
1.9054600000000002 -0.37212559999999995 0.13173790000000002 0.032088240000000004 0.00107775 
1.58489 -0.41952170000000005 0.16428389999999998 0.032344899999999996 0.001095698 
1.3182600000000002 -0.468734 0.2015138 0.03266205 0.001118665 
1.09648 -0.5185958 0.2468029 0.033028459999999996 0.0011447600000000003 
0.9120109999999999 -0.5678439 0.28789050000000005 0.03342473 0.0011733829999999998 
0.758578 -0.6157589000000001 0.33509440000000007 0.03361758000000001 0.001187906 
0.6309570000000001 -0.6614331999999999 0.38244969999999995 0.0342079 0.0012312719999999998 
0.524807 -0.7042322 0.41643600000000003 0.03442637 0.001247771 
0.436516 -0.7436123000000001 0.46992230000000007 0.03491881000000001 0.0012838749999999999 
0.36307799999999996 -0.7792413 0.5060176999999999 0.03517007 0.001303323 
0.30199499999999996 -0.8109945 0.5492753 0.03549414000000001 0.0013273050000000002 
0.25118900000000005 -0.8390401000000001 0.5729521 0.035836849999999996 0.0013558570000000002 
0.20893 -0.8634485000000002 0.5872604000000001 0.0360146 0.001368896 
0.17378000000000002 -0.8844866 0.6062398000000001 0.0362957 0.00139172 
0.144544 -0.902556 0.6152337000000001 0.03649549 0.00140558 
0.12022599999999997 -0.9179932999999998 0.6368019000000001 0.03669184 0.001421134 
0.09999999999999999 -0.9310531000000001 0.6476155000000001 0.03684019000000001 0.0014333049999999997 
0.08317640000000001 -0.9421132999999999 0.6510773000000001 0.036908220000000005 0.0014380699999999998 
0.06918310000000001 -0.9514754 0.6773868999999999 0.037096399999999995 0.001454334 
0.057544 -0.9593610000000001 0.6874947 0.037295129999999996 0.001468071 
0.047862999999999996 -0.9659821000000001 0.7041409 0.03723816 0.0014662839999999998 
0.03981069999999999 -0.9715505999999999 0.6979830000000001 0.037263370000000004 0.0014675919999999998 
0.0331131 -0.9762162 0.6976354 0.03749462 0.001483097 
0.0275423 -0.9801336999999999 0.7040082 0.03742724 0.0014805320000000001 
0.0229087 -0.9834159000000001 0.7135814 0.0373712 0.0014760580000000001 
0.0190546 -0.9861591000000001 0.7112889 0.03743949 0.001478985 
0.0158489 -0.98845 0.7197582 0.03755482 0.0014920760000000002 
0.0131826 -0.9903693 0.7122773 0.037654850000000004 0.0014972999999999998 
0.010964799999999999 -0.9919687999999999 0.7144888 0.0372711 0.0014692029999999999 
0.00912011 -0.9933043000000001 0.7307079999999999 0.03791226000000001 0.001518679 
0.00758578 -0.9944199999999999 0.7240088 0.03745176 0.001482605 
0.006309569999999999 -0.9953510000000001 0.7400852 0.03748635 0.0014858089999999998 
0.00524807 -0.9961279000000001 0.7348028999999998 0.03745419999999999 0.001481147 
0.00436516 -0.9967743 0.7296056000000001 0.03758207 0.001492757 
0.00363078 -0.9973130999999998 0.7294762 0.03748154 0.001483727 
0.00301995 -0.9977625 0.7372085 0.03796399000000001 0.001526969 
0.0025118899999999997 -0.9981367999999999 0.7384897 0.03772371 0.0015076350000000002 
0.0020892999999999997 -0.9984490000000001 0.7426219000000001 0.0375512 0.001489701 
0.0017378 -0.9987086 0.7353411000000001 0.03789285 0.0015266349999999997 
0.0014454399999999999 -0.9989253 0.7329828 0.03749595 0.001486438 
0.00120226 -0.9991051000000001 0.7309099 0.03684415 0.0014320279999999997 
