10.0 -0.14463600000000004 0.014378859999999999 0.031058769999999996 0.0010059725000000001 
8.709640000000002 -0.165798 0.018994109999999998 0.031068949999999994 0.0010068512 
7.58578 -0.19040899999999997 0.02504806 0.031106259999999997 0.001009458 
6.60693 -0.21850239999999999 0.03282306 0.03119108 0.001014537 
5.754400000000001 -0.25078069999999997 0.043820029999999996 0.031198530000000002 0.0010158270000000002 
5.011870000000001 -0.28794580000000003 0.057720780000000006 0.031214079999999998 0.0010168999999999998 
4.365160000000001 -0.33035729999999996 0.07484179 0.03131712 0.0010242460000000001 
3.80189 -0.3791958 0.09921082 0.03144985 0.001033028 
3.3113099999999998 -0.43471469999999995 0.1287274 0.03159168 0.001043704 
2.8840299999999996 -0.4983586 0.1718839 0.031697340000000004 0.00104989 
2.5118900000000006 -0.5704254000000001 0.22158610000000004 0.03189067 0.001064371 
2.1877600000000004 -0.6522866999999999 0.2879561 0.03205812999999999 0.001076044 
1.9054600000000002 -0.7446875000000001 0.36822000000000005 0.03223453 0.001088447 
1.6595900000000001 -0.8473559999999999 0.4714721 0.03256109 0.0011119909999999999 
1.4454399999999998 -0.9603067999999999 0.5854971 0.032821249999999996 0.0011303440000000001 
1.2589299999999999 -1.082585 0.7354584 0.03315374 0.0011543089999999998 
1.09648 -1.211781 0.8654142 0.033396289999999995 0.00117257 
0.954993 -1.3445399999999998 1.0140090000000002 0.03362458 0.001189297 
0.831764 -1.476442 1.14616 0.03370743 0.001195912 
0.724436 -1.6033520000000003 1.2281039999999996 0.033726269999999996 0.0011977910000000001 
0.6309570000000001 -1.7214569999999998 1.296573 0.03351478 0.0011844669999999998 
0.5495409999999998 -1.8282150000000001 1.308832 0.03329796 0.001168204 
0.47863 -1.9228530000000004 1.3383899999999997 0.03271405 0.0011287830000000002 
0.41686900000000005 -2.0056059999999998 1.3538719999999997 0.032217029999999994 0.001095221 
0.36307799999999996 -2.077326 1.3391469999999999 0.03177023 0.0010655859999999999 
0.31622800000000006 -2.139419 1.312353 0.031150930000000004 0.001024353 
0.275423 -2.193122 1.325184 0.030515420000000005 0.0009840131 
0.239883 -2.2395470000000004 1.3035150000000002 0.03011762 0.0009562965 
0.20893 -2.279791 1.28797 0.02934445 0.0009095105999999999 
0.18197 -2.3148659999999994 1.2022229999999998 0.028817859999999994 0.0008739233000000001 
0.15848899999999996 -2.3434540000000004 1.142383 0.030784229999999996 0.000995615 
0.13803799999999997 -2.3664099999999997 1.0687859999999998 0.02970946 0.0009382658 
0.12022599999999997 -2.38549 1.056163 0.029044949999999996 0.0009030630999999999 
0.10471300000000003 -2.401829 1.044254 0.02855668 0.0008754268 
0.09120110000000001 -2.4159439999999996 1.036791 0.02863778 0.0008794603000000002 
0.07943279999999998 -2.428144 1.0305790000000001 0.028713520000000003 0.0008836615999999999 
0.06918310000000001 -2.4387040000000004 1.0402520000000002 0.02911226 0.0009023675000000002 
0.06025599999999999 -2.4478769999999996 1.0235033 0.028969560000000005 0.0008962081 
0.052480700000000005 -2.4558319999999996 1.0251476 0.028748439999999997 0.0008763919 
0.0457088 -2.462743 1.0196834 0.028738899999999994 0.0008757645 
0.03981069999999999 -2.468737 1.0128789999999999 0.02853392 0.0008627068 
0.03467370000000001 -2.47394 1.0073946999999999 0.028490480000000006 0.0008593681 
0.030199499999999997 -2.478474 0.9993532000000002 0.028511529999999997 0.0008616082000000002 
0.026302700000000005 -2.4824139999999995 1.022107 0.028613110000000004 0.0008690725999999999 
0.0229087 -2.485842 1.0116994 0.028623080000000002 0.0008694973 
0.019952599999999997 -2.4888200000000005 0.9994455999999999 0.02861109 0.0008685297 
0.017378 -2.491412 1.0070904 0.02860402 0.0008681042 
0.015135600000000003 -2.4936689999999997 1.0217535 0.028608720000000004 0.0008685696999999999 
0.0131826 -2.4956300000000002 1.0068977000000001 0.028607999999999995 0.0008687852999999998 
0.011481500000000002 -2.4973409999999996 1.0038418999999998 0.028605219999999997 0.0008682823999999999 
