100 -0.93852 0.00877935 0.0312238 0.00101643 0.320268
83.1764 -1.11733 0.0121096 0.0309225 0.000998208 0.333333
69.1831 -1.32065 0.0171964 0.0310657 0.00100543 0.348526
57.544 -1.55607 0.0242853 0.0312127 0.00101739 0.366004
47.863 -1.82954 0.0331463 0.0312356 0.00101694 0.386414
39.8107 -2.13953 0.043632 0.0315554 0.00103712 0.409506
33.1131 -2.48896 0.0604278 0.0314356 0.00103159 0.435289
27.5423 -2.87406 0.0795506 0.0316628 0.00104808 0.46382
22.9087 -3.30102 0.0999435 0.0318536 0.00106088 0.495611
19.0546 -3.75699 0.133326 0.0320327 0.0010742 0.529258
15.8489 -4.24582 0.16998 0.0324686 0.00110446 0.565177
13.1826 -4.75176 0.202082 0.0325992 0.00111355 0.602155
10.9648 -5.26628 0.256545 0.0330277 0.00114563 0.639733
9.12011 -5.78064 0.307719 0.0333601 0.00116803 0.676978
7.58578 -6.28493 0.340685 0.0337875 0.0012005 0.713111
6.30957 -6.77271 0.412212 0.0341017 0.00122258 0.747496
5.24807 -7.24215 0.476599 0.034402 0.00124588 0.779807
4.36516 -7.68415 0.525533 0.0347904 0.0012763 0.809754
3.63078 -8.09845 0.598792 0.0349717 0.00128681 0.836669
3.01995 -8.48421 0.67455 0.0353287 0.00131412 0.860716
2.51189 -8.84352 0.740734 0.0353401 0.00131777 0.881986
2.0893 -9.17582 0.829477 0.0354349 0.00132616 0.90043
1.7378 -9.48227 0.932802 0.0351507 0.00130469 0.91617
1.44544 -9.76561 1.02639 0.0348381 0.00128075 0.929684
1.20226 -10.0245 1.13922 0.0341965 0.00123707 0.941111
1 -10.259 1.20628 0.0337612 0.00120423 0.950762
0.831764 -10.4659 1.28584 0.0329734 0.00114984 0.958893
0.691831 -10.6464 1.31333 0.0319766 0.00107958 0.965686
0.57544 -10.7996 1.30859 0.0311273 0.00102197 0.971403
0.47863 -10.9288 1.26676 0.0307173 0.00099646 0.976158
0.398107 -11.0361 1.28024 0.0300345 0.000949385 0.980158
0.331131 -11.1234 1.30577 0.0293077 0.000909323 0.983471
0.275423 -11.1912 1.11684 0.0264816 0.000742795 0.986198
0.229087 -11.2417 1.04506 0.0193856 0.000390468 0.988373
0.190546 -11.2828 1.03862 0.0160338 0.000268435 0.990164
0.158489 -11.3163 1.03317 0.0154497 0.000247654 0.991654
0.131826 -11.3439 1.03643 0.0149295 0.000230594 0.992887
0.109648 -11.3667 1.02921 0.0142273 0.000208597 0.993913
0.0912011 -11.3856 1.07006 0.0140719 0.000203481 0.994768
0.0758578 -11.4012 1.0103 0.0134937 0.00018667 0.995475
0.0630957 -11.4142 1.01351 0.0129943 0.000172667 0.996057
0.0524807 -11.4249 1.01444 0.0128394 0.000168106 0.996546
0.0436516 -11.4338 1.02899 0.0125167 0.000159271 0.99695
0.0363078 -11.4412 1.00189 0.0123911 0.000155803 0.997288
0.0301995 -11.4474 1.02063 0.0122483 0.000151782 0.997569
0.0251189 -11.4525 1.00296 0.0121172 0.000148431 0.997802
0.020893 -11.4567 1.01768 0.0119718 0.000144609 0.997995
0.017378 -11.4602 0.994363 0.0119372 0.000143584 0.998156
0.0144544 -11.4632 1.01913 0.0119445 0.000143592 0.998291
0.0120226 -11.4656 0.993359 0.0118189 0.000140471 0.998401
