0.00120226 -1.5384 1.0403 0.995593 0.991207 0.999402
0.00144544 -1.53816 1.01349 0.995231 0.990485 0.999281
0.0017378 -1.53787 0.994522 0.994528 0.989087 0.999135
0.0020893 -1.53752 1.01823 0.993735 0.98751 0.99896
0.00251189 -1.53709 0.999705 0.992966 0.985984 0.998749
0.00301995 -1.53659 1.00942 0.992198 0.984459 0.998496
0.00363078 -1.53598 0.999238 0.991057 0.982196 0.998191
0.00436516 -1.53524 0.996193 0.99048 0.981053 0.997824
0.00524807 -1.53436 1.00168 0.989034 0.978192 0.997383
0.00630957 -1.5333 0.957083 0.987367 0.974901 0.996851
0.00758578 -1.53202 0.99986 0.986342 0.972874 0.996212
0.00912011 -1.53048 1.04864 0.984349 0.968949 0.995441
0.0109648 -1.52863 0.986453 0.981866 0.964068 0.994516
0.0131826 -1.5264 0.972883 0.980214 0.960828 0.993397
0.0158489 -1.52372 1.00589 0.977666 0.955841 0.992051
0.0190546 -1.5205 1.03791 0.973436 0.947598 0.990438
0.0229087 -1.51661 1.03629 0.970144 0.941195 0.988517
0.0275423 -1.51192 1.02625 0.966808 0.934736 0.986265
0.0331131 -1.50626 0.990015 0.961264 0.924049 0.983739
0.0398107 -1.49945 1.01304 0.955393 0.912801 0.981047
0.047863 -1.49119 1.02169 0.9485 0.899684 0.978433
0.057544 -1.48119 1.0368 0.940257 0.884119 0.976327
0.0691831 -1.46914 1.05352 0.930271 0.865448 0.975271
0.0831764 -1.45445 1.06791 0.918488 0.843678 0.975843
0.1 -1.43663 1.06362 0.903835 0.816988 0.978976
0.120226 -1.4149 1.09276 0.88692 0.786717 0.985321
0.144544 -1.38803 1.12221 0.863454 0.745675 0.996021
0.17378 -1.35498 1.12807 0.83611 0.699227 1.01181
0.20893 -1.31322 1.23605 0.798064 0.63709 1.03415
0.251189 -1.22559 30.4501 0.243024 0.155507 1.08023
0.301995 -1.13733 1.49823 0.0328386 0.00113648 1.12773
0.363078 -1.04649 1.49148 0.0331251 0.00115516 1.17566
0.436516 -0.939648 1.42875 0.0331518 0.00115749 1.22859
0.524807 -0.822504 1.22175 0.0328198 0.00113015 1.28255
0.630957 -0.704422 0.995182 0.0320372 0.00107263 1.33257
0.758578 -0.593579 0.745289 0.0316569 0.00104734 1.37553
0.912011 -0.495948 0.543917 0.0314707 0.00103531 1.40933
1.09648 -0.412203 0.380014 0.0313257 0.00102286 1.43516
1.31826 -0.341938 0.272771 0.0310902 0.00100986 1.45404
1.58489 -0.28366 0.187869 0.0309242 0.000997325 1.46765
1.90546 -0.235116 0.123352 0.0308851 0.000994578 1.47752
2.29087 -0.195147 0.0883162 0.030916 0.000997666 1.48421
2.75423 -0.162038 0.0604735 0.030908 0.00099705 1.48924
3.31131 -0.134742 0.0395973 0.0309078 0.000995216 1.49241
3.98107 -0.111752 0.0274757 0.0309081 0.000996858 1.49469
4.7863 -0.093139 0.0185635 0.0308644 0.000992889 1.4962
5.7544 -0.0773051 0.0133477 0.0310425 0.0010037 1.49785
6.91831 -0.0641026 0.00912046 0.0310248 0.00100341 1.49839
8.31764 -0.0534516 0.0065389 0.0311032 0.00100742 1.49855
10 -0.0444499 0.00444593 0.0310645 0.00100631 1.49927
