# _Ratio1.000000_J2_0.000000
10 -0.0935349 0.0083321 0.031141 0.00101207 -2.22145e-05 0.0117631 -7.5447e-05 0.0133092 0.0216775 0.0146505 0.0139882 0.0148911 0.333106
8.31764 -0.110998 0.0121239 0.0313696 0.00102496 3.39232e-05 0.0117698 -0.000321107 0.0132997 0.0217514 0.0147411 0.0140403 0.0150377 0.333332
6.91831 -0.130278 0.0168614 0.0312172 0.00101652 0.000144279 0.0122276 -0.00011577 0.0128238 0.0214922 0.014495 0.0136236 0.0148734 0.333488
5.7544 -0.15466 0.0232378 0.0311394 0.00101273 3.82696e-05 0.0119982 -1.43178e-05 0.0123727 0.0217355 0.0145184 0.0133057 0.0152091 0.333321
4.7863 -0.181657 0.0318594 0.031156 0.00101307 0.000107086 0.0119221 0.000329526 0.012096 0.0218724 0.0145249 0.0132525 0.0154689 0.333321
3.98107 -0.212054 0.0440037 0.031318 0.00102298 0.000156807 0.0121411 0.000197239 0.0117641 0.0219049 0.0143194 0.0132049 0.0156875 0.333306
3.31131 -0.246671 0.0615086 0.0314331 0.00103121 2.36617e-05 0.0124817 9.20117e-05 0.011393 0.022219 0.0143652 0.0130409 0.0157857 0.333199
2.75423 -0.285225 0.0760426 0.0314404 0.00103671 7.556e-05 0.0126819 0.000198555 0.0108153 0.0226191 0.0144897 0.0127319 0.0158304 0.333254
2.29087 -0.326999 0.104473 0.0319167 0.00106855 -0.000551314 0.0128032 0.000131607 0.0103095 0.0230877 0.0146034 0.0126055 0.0163521 0.333359
1.90546 -0.372178 0.132945 0.0319225 0.00106665 0.000111671 0.0130588 0.000429242 0.00988507 0.0232675 0.01454 0.0125261 0.0163453 0.333237
1.58489 -0.419497 0.161369 0.0324541 0.00110263 -0.000214691 0.0132085 -2.58076e-06 0.0092767 0.0239024 0.0149345 0.0122665 0.0168982 0.333317
1.31826 -0.468897 0.203963 0.0330023 0.00114229 -5.26407e-05 0.0132792 -0.000236613 0.00892226 0.0244674 0.0149412 0.0124779 0.0173854 0.333329
1.09648 -0.518629 0.24453 0.0331316 0.00114903 1.61132e-05 0.0137441 0.000467909 0.00828893 0.0242235 0.0147979 0.0120133 0.0175327 0.333248
0.912011 -0.567848 0.29031 0.0334544 0.00117789 0.000380058 0.0138366 -0.00035641 0.00768269 0.0251487 0.015037 0.0121634 0.0176597 0.333383
0.758578 -0.615744 0.326008 0.0335563 0.00118554 0.000229221 0.0140622 -3.34967e-05 0.00690314 0.0251106 0.015159 0.0115431 0.017939 0.333303
0.630957 -0.66139 0.405893 0.0341925 0.0012312 0.000435898 0.0144852 -0.000146227 0.00655963 0.025682 0.015285 0.0118187 0.0184213 0.333255
0.524807 -0.704327 0.430303 0.0344709 0.00125256 -0.000365598 0.0143642 9.45138e-05 0.00605637 0.0259098 0.0154231 0.0116312 0.0186009 0.333289
0.436516 -0.743645 0.472905 0.0349275 0.0012835 0.000256077 0.0148968 0.000319483 0.00568989 0.0266521 0.0157332 0.0118237 0.0187507 0.33328
0.363078 -0.779247 0.515332 0.0351822 0.00130311 0.00030839 0.0153078 0.000366638 0.00510607 0.026295 0.0154026 0.0115861 0.0191099 0.33319
0.301995 -0.810895 0.560235 0.0355445 0.00133236 -9.98495e-05 0.0150745 -0.000173447 0.00476886 0.0273616 0.0160457 0.0117928 0.0191592 0.333352
0.251189 -0.839049 0.533975 0.035551 0.00133681 0.000353787 0.0149564 -0.000114314 0.00433726 0.0274026 0.0159869 0.0117634 0.0191946 0.333329
0.20893 -0.863471 0.596322 0.035936 0.00136572 0.000407538 0.0152176 3.50819e-05 0.00398418 0.0276648 0.0161024 0.0118154 0.0195291 0.333502
0.17378 -0.884508 0.595662 0.0365367 0.00140945 6.39769e-05 0.0159117 0.000173778 0.00362404 0.0279538 0.0162955 0.0117576 0.0196332 0.333459
0.144544 -0.902533 0.611178 0.0366747 0.00141793 -0.000129204 0.0156537 -0.000444767 0.00334637 0.0279142 0.0162114 0.011749 0.0199483 0.33322
0.120226 -0.917933 0.606427 0.0367077 0.00142213 0.000107292 0.0158745 -0.000191723 0.0030209 0.0278224 0.0161588 0.0116259 0.0200462 0.333464
0.1 -0.931061 0.652512 0.0370726 0.00144914 -0.000258034 0.016005 -0.000384966 0.00276647 0.0287409 0.0166701 0.0119455 0.0200696 0.333359
0.0831764 -0.94211 0.650583 0.0371336 0.00146 -0.00039095 0.0160366 -0.000436524 0.00248051 0.0285367 0.0165265 0.0118396 0.0201258 0.33332
0.0691831 -0.951469 0.666945 0.037244 0.00146679 0.000201664 0.0158525 -9.37086e-05 0.00230084 0.0289205 0.0167714 0.0119228 0.020473 0.333327
0.057544 -0.959369 0.685973 0.0372305 0.00146306 4.96604e-05 0.0159015 0.000165996 0.00208126 0.0287153 0.0166103 0.0118637 0.0204384 0.333475
0.047863 -0.965948 0.758219 0.037396 0.00147876 -0.000432524 0.0163888 -0.000131398 0.00193041 0.0286569 0.0165969 0.0117801 0.0204186 0.333216
0.0398107 -0.971542 0.725199 0.0373498 0.00146965 4.27883e-05 0.0161047 0.000162754 0.00175371 0.0287598 0.0166237 0.0118482 0.0201708 0.333442
0.0331131 -0.976204 0.715433 0.0375074 0.00148476 -0.000494172 0.0167473 -0.000190533 0.00159256 0.0292651 0.0169073 0.0120343 0.0199221 0.333342
0.0275423 -0.980123 0.702121 0.0377237 0.00150402 0.000260708 0.0161523 0.000226398 0.00146722 0.0291233 0.0168493 0.0119302 0.0205989 0.333162
0.0229087 -0.983422 0.748905 0.037332 0.00147462 0.000293577 0.0160328 0.000505084 0.00134043 0.0292059 0.0168762 0.0119758 0.0199371 0.333243
0.0190546 -0.986168 0.711233 0.0376548 0.00149801 0.000780316 0.0162395 1.89936e-05 0.00121117 0.02882 0.0166592 0.0118005 0.0205127 0.333236
0.0158489 -0.988446 0.689464 0.0377061 0.00150569 0.000242202 0.0163047 -6.2413e-05 0.00112266 0.0287976 0.0166647 0.0117571 0.0204009 0.333199
0.0131826 -0.990368 0.74452 0.0374639 0.00148613 -0.000272896 0.0159211 0.000267892 0.0010268 0.029727 0.0171762 0.0121605 0.0200548 0.333467
0.0109648 -0.991966 0.750203 0.0374108 0.00147447 -0.000808263 0.0159463 0.000433873 0.000912169 0.0290893 0.0167977 0.0119055 0.0208165 0.333072
0.00912011 -0.993303 0.734069 0.0381642 0.00153867 -0.000288972 0.0157385 0.000796692 0.000831225 0.030044 0.0173512 0.0122864 0.0207635 0.333351
0.00758578 -0.994418 0.733071 0.0380928 0.00152945 7.51215e-05 0.0166234 -3.21211e-05 0.000769605 0.0296728 0.017141 0.0121256 0.020857 0.333334
0.00630957 -0.995349 0.718746 0.0375505 0.00149021 -0.000810717 0.0168375 0.000668375 0.00071467 0.0289153 0.0166983 0.0118207 0.0201685 0.333013
0.00524807 -0.996127 0.711897 0.0377872 0.00150705 0.00156989 0.0156002 2.52259e-05 0.000643848 0.0303527 0.0175236 0.0124085 0.0203433 0.333139
0.00436516 -0.996775 0.743349 0.0370609 0.00144678 -0.00212024 0.016616 -0.000533319 0.000585181 0.0281281 0.0162392 0.0114987 0.0200492 0.333477
0.00363078 -0.997314 0.73162 0.03686 0.00144123 0.00150167 0.0162017 -0.000126834 0.000536145 0.0280696 0.0162061 0.011472 0.020612 0.333083
0.00301995 -0.997763 0.74555 0.0378916 0.00150899 -0.00190858 0.0166534 0.000427329 0.000480123 0.0294921 0.0170302 0.0120454 0.0200873 0.333587
0.00251189 -0.998136 0.761831 0.037588 0.00150405 0.00108132 0.0166088 -0.00015849 0.000451344 0.029045 0.0167771 0.0118547 0.0206032 0.333276
0.0020893 -0.998449 0.77883 0.0361409 0.00137894 -0.000332593 0.0157789 -0.000655094 0.000400557 0.0280476 0.0161958 0.0114541 0.0191337 0.333383
0.0017378 -0.998708 0.735152 0.0379069 0.00151328 -0.00216712 0.0163327 -6.64331e-05 0.000373645 0.0312256 0.018029 0.0127519 0.0198409 0.333202
0.00144544 -0.998925 0.71783 0.0364423 0.00141267 0.00118002 0.0165214 5.22107e-05 0.000341602 0.0282898 0.016334 0.0115536 0.0196063 0.333654
0.00120226 -0.999105 0.696255 0.0381713 0.00152833 0.00111417 0.0156711 -0.000493823 0.000309546 0.030027 0.0173426 0.0122534 0.0192852 0.333449
