10.0 -0.0444364 0.004473399 0.06662404 0.004628157 
8.317639999999999 -0.053430500000000006 0.0063936489999999995 0.06662499 0.004627015000000001 
6.91831 -0.06429063 0.009286759 0.06668732000000001 0.0046352170000000005 
5.754400000000001 -0.07720773 0.01362832 0.06665592000000001 0.00463198 
4.786299999999999 -0.09307520999999999 0.01945839 0.06665162 0.004630596 
3.98107 -0.11202910000000002 0.02838525 0.06659435000000001 0.004621865 
3.3113099999999998 -0.13460319999999998 0.041124930000000004 0.06649423000000002 0.004611729 
2.75423 -0.16201139999999997 0.06008132000000001 0.06665646 0.0046316659999999996 
2.2908699999999995 -0.19507329999999998 0.08669028 0.06671482 0.004641358999999999 
1.9054600000000002 -0.2352298 0.1234149 0.06670997000000001 0.004637455 
1.58489 -0.28341109999999997 0.1821241 0.06678435999999999 0.004650619 
1.3182600000000002 -0.3420343 0.2609322 0.06689888000000001 0.004666297 
1.09648 -0.41233719999999996 0.3770099 0.06710645999999999 0.004700919999999999 
0.9120109999999999 -0.49597299999999994 0.534041 0.06761809 0.004775302 
0.758578 -0.5939661 0.7483866 0.06836051 0.004888966 
0.6309570000000001 -0.7045386 0.9890447 0.06918317 0.005015217 
0.524807 -0.8224900999999999 1.227082 0.07038704999999999 0.005202861999999999 
0.436516 -0.9394957000000002 1.406595 0.07126265000000001 0.005343326999999999 
0.36307799999999996 -1.0463800000000003 1.4724160000000002 0.07135644000000001 0.005366001 
0.30199499999999996 -1.1372710000000001 1.492657 0.07060079 0.005259171000000001 
0.25118900000000005 -1.2112849999999997 1.445052 0.06917703 0.00505415 
0.20893 -1.270708 1.3817429999999997 0.06769949 0.004845095 
0.17378000000000002 -1.318847 1.3500139999999998 0.0653369 0.0045093649999999996 
0.144544 -1.3580400000000001 1.3351159999999997 0.06382819 0.004302147 
0.12022599999999997 -1.3896650000000002 1.197116 0.0630943 0.00424001 
0.09999999999999999 -1.413505 1.125747 0.05981004000000001 0.003811302 
0.08317640000000001 -1.4324379999999999 1.066796 0.05564765000000001 0.0032692479999999998 
0.06918310000000001 -1.4473319999999998 1.0527507 0.05751739 0.0034627029999999997 
0.057544 -1.4595230000000001 1.050462 0.057278640000000006 0.003431024 
0.047862999999999996 -1.469583 1.0335870000000003 0.05756001000000001 0.0034661090000000006 
0.03981069999999999 -1.4778789999999997 1.0256450000000001 0.05744315 0.003449988 
0.0331131 -1.4847389999999998 1.0174782000000002 0.05726848 0.0034275709999999995 
0.0275423 -1.490409 1.0259604 0.057273840000000006 0.0034254710000000002 
0.0229087 -1.4951120000000002 1.0138200999999998 0.057186270000000004 0.003413691000000001 
0.0190546 -1.499014 1.0244876 0.057146169999999996 0.0034090500000000003 
0.0158489 -1.50225 1.0003560999999999 0.05708683999999999 0.0034004589999999993 
0.0131826 -1.504937 0.9966111999999999 0.05706957 0.0033985739999999993 
0.010964799999999999 -1.5071690000000002 1.0030318999999999 0.057187350000000005 0.0034125779999999994 
0.00912011 -1.5090219999999999 1.0004426 0.05708124 0.0033969959999999993 
0.00758578 -1.510559 1.0027174 0.057111499999999996 0.0034022139999999998 
0.006309569999999999 -1.5118399999999999 1.0097167 0.05698335 0.0033841030000000003 
0.00524807 -1.5129059999999999 0.9898389 0.057125880000000004 0.003402879 
0.00436516 -1.513786 1.0097648 0.05699034000000001 0.003384681999999999 
0.00363078 -1.51452 1.0029932 0.057132459999999996 0.00340405 
0.00301995 -1.515136 1.0068712999999998 0.0571121 0.003400902 
0.0025118899999999997 -1.5156399999999999 0.9964502999999999 0.05728337 0.0034230610000000002 
0.0020892999999999997 -1.516067 0.9915096999999999 0.05700033 0.003386163 
0.0017378 -1.5164170000000001 1.0029721999999999 0.057303690000000004 0.003425881000000001 
0.0014454399999999999 -1.516707 1.0021807999999999 0.05732405 0.003428224999999999 
0.00120226 -1.5169489999999999 0.9997773999999999 0.057328710000000005 0.003429143 
