10.0 -0.04444077234042552 0.004440322872340427 0.03095932872340426 0.0009993410425531914 6.293801276595745e-06 0.011452055319148934 -2.760983159574469e-05 0.014515418085106382 0.02061645957446809 0.01455855531914893 0.014535296808510635 0.014575324468085099 0.3333060638297873 
8.31763999999999 -0.05345913829787231 0.006440214893617024 0.030977753191489352 0.0010005681595744676 -7.657278829787236e-06 0.011444771276595751 -2.4259070425531918e-05 0.014557009574468085 0.020611206382978725 0.014561192553191488 0.014558664893617025 0.014575338297872343 0.33332155319148926 
6.91831000000001 -0.06429606808510638 0.009276966063829791 0.030993169148936163 0.0010013741063829788 -5.710517021276597e-06 0.011447898936170212 -2.117968436170211e-06 0.014505606382978726 0.020680639361702124 0.014608748936170207 0.014527573404255313 0.01460779574468084 0.3333354999999999 
5.754399999999992 -0.07729173829787235 0.013438451063829791 0.030985907446808507 0.001001135319148936 4.2506328723404247e-05 0.011461319148936172 1.73874099893617e-05 0.014491106382978724 0.020658480851063827 0.014551334042553193 0.014545638297872338 0.014608467021276597 0.33332974468085086 
4.786299999999995 -0.09301723510638303 0.019462560638297866 0.030984332978723397 0.0010009174574468083 2.802977765957447e-06 0.011477678723404255 -2.0677508191489377e-05 0.014459940425531911 0.020688558510638298 0.014577511702127665 0.014507173404255318 0.014615951063829785 0.3333253510638297 
3.9810699999999932 -0.1119123191489362 0.028415825531914896 0.030966685106382973 0.0009996401914893615 -5.297457926595745e-05 0.011482068085106384 -1.3039056265957449e-05 0.014371272340425529 0.020687427659574473 0.01454319574468085 0.0144554914893617 0.014646054255319157 0.33332677659574456 
3.3113099999999966 -0.13466911702127654 0.04091056276595744 0.03095475425531915 0.0009990432021276597 1.2521917978723405e-05 0.011507735106382975 -1.536020319148936e-05 0.014263787234042554 0.020721961702127662 0.014510685106382981 0.014406859574468087 0.014641387234042557 0.3333377553191488 
2.754230000000005 -0.16203552127659576 0.059169924468085125 0.03097519042553192 0.0010000129574468087 -2.3454310297872327e-05 0.011572150000000003 -1.2153341436170214e-05 0.014126892553191482 0.020784102127659583 0.014504582978723406 0.014323917021276595 0.014706144680851067 0.3333352340425532 
2.2908700000000044 -0.19517570212765956 0.08658449042553193 0.030977884042553198 0.001000614340425532 2.1811687978723417e-05 0.011608501063829789 1.3895113404255318e-05 0.0139746670212766 0.020885473404255325 0.014510478723404257 0.014242864893617027 0.01474274574468085 0.33334228723404236 
1.9054600000000028 -0.23515671276595743 0.12518219148936172 0.0310058265957447 0.0010022781382978715 1.688916372340426e-05 0.011665019148936175 2.823687872340426e-05 0.013719158510638294 0.021010745744680846 0.014500427659574464 0.014106996808510642 0.01487978085106383 0.33333057446808506 
1.5848900000000012 -0.28352748936170225 0.1813938404255319 0.031027928723404263 0.0010037735212765951 -2.0097390202127663e-05 0.011764849999999997 1.237702840425532e-06 0.013378172340425537 0.021159296808510634 0.014449719148936167 0.013933935106382973 0.014974458510638302 0.3333379361702129 
1.3182599999999982 -0.3419567659574468 0.2629699148936169 0.03110111595744681 0.0010091110531914897 1.0093975061702132e-05 0.011914705319148936 -6.985955957446807e-06 0.01292779042553191 0.021405741489361706 0.014436548936170208 0.013712026595744685 0.015156045744680846 0.33334777659574466 
1.09648 -0.4122121170212764 0.37871124468085093 0.031224685106382967 0.0010176969574468083 -2.9277442021276587e-05 0.012096336170212767 9.91379829787234e-06 0.012327297872340423 0.02176733510638299 0.014457535106382974 0.013411359574468085 0.015410482978723402 0.3333304468085106 
0.9120110000000015 -0.4960067234042553 0.5386854255319148 0.0314124170212766 0.0010306229787234043 2.1740594659574463e-05 0.012370539361702125 -2.1115708829787245e-05 0.011545379787234043 0.022244152127659574 0.014468558510638298 0.01308754574468085 0.015717192553191487 0.33334354255319165 
0.758578 -0.5939307127659575 0.7508912872340429 0.03172969680851063 0.0010527915957446803 -6.731414893617021e-06 0.012651918085106382 -2.053318329787234e-06 0.010597812765957447 0.02281635106382978 0.014521862765957447 0.012714678723404253 0.01614585106382979 0.3333307021276594 
0.6309570000000008 -0.7044051063829788 0.9889191489361701 0.03220592765957446 0.0010864137234042552 2.7755659574467975e-07 0.013096169148936168 -1.992524787234043e-05 0.009509217978723407 0.023566940425531906 0.014671959574468084 0.01236442340425532 0.016632244680851074 0.3333284893617021 
0.5248070000000006 -0.8225207021276599 1.2330610638297872 0.032703813829787244 0.0011221046808510635 -8.862150957446824e-06 0.013474581914893615 2.6014413936170224e-05 0.008390233297872344 0.02423974680851063 0.01480125 0.012046090425531918 0.017143552127659573 0.3333441914893616 
0.43651599999999974 -0.9395930319148934 1.406784361702127 0.033119905319148935 0.0011528110638297868 -3.216187223404257e-05 0.013793545744680847 8.501434574468086e-06 0.00726055138297872 0.024828071276595743 0.014936748936170205 0.011742959574468085 0.017570115957446807 0.3333348404255319 
0.36307800000000073 -1.0465565957446807 1.48797744680851 0.03318327765957447 0.0011591281914893623 3.067660097872341e-05 0.013931138297872342 6.49694638297872e-06 0.006259382553191492 0.025088215957446803 0.01493537765957446 0.01144105744680851 0.017768259574468086 0.3333129042553191 
0.30199500000000057 -1.1373502127659574 1.478750425531915 0.03281367340425532 0.0011350179787234045 4.291251595744683e-06 0.013875531914893612 1.1006769978723402e-05 0.005419977659574467 0.024932035106382984 0.0147348329787234 0.01109525 0.017614591489361696 0.33333006382978725 
0.25118900000000005 -1.2112431914893622 1.4249062765957454 0.03219714574468085 0.0010933947872340428 -4.755860010638302e-05 0.01364895106382979 -4.0885069148936176e-05 0.0047426187234042546 0.024588905319148948 0.014457959574468084 0.010761261702127657 0.017365055319148934 0.3333361276595745 
0.2089299999999999 -1.2706553191489367 1.3817689361702128 0.031375012765957444 0.0010387374574468082 -1.7920223404255305e-05 0.013345890425531916 2.994658329787235e-05 0.00419866585106383 0.023974386170212757 0.014050642553191486 0.01037237021276596 0.01694292234042553 0.33335830851063836 
0.1737800000000003 -1.3187305319148943 1.3509295744680854 0.030507675531914896 0.0009821183191489362 1.2668790425531908e-05 0.012980161702127659 2.4916068085106433e-06 0.0037482497872340418 0.023357191489361707 0.013661718085106378 0.010009896276595747 0.016499802127659575 0.33336555319148936 
0.1445439999999998 -1.35799670212766 1.3312456382978723 0.029501244680851055 0.0009192846702127657 -4.643382978723244e-07 0.01251704574468085 5.0232993361702116e-05 0.0033672834042553193 0.022628180851063828 0.013211413829787234 0.009632532021276593 0.015999826595744678 0.33332312765957434 
0.1202260000000001 -1.3901540425531922 1.2387256382978717 0.028649208510638284 0.00086595414893617 0.00013215305531914885 0.012219582340425533 3.5148781063829787e-05 0.003034986489361703 0.021632871276595748 0.012608674468085113 0.009176913404255322 0.015463918085106386 0.3331817553191489 
0.09999999999999981 -1.4141156382978721 1.115708191489362 0.028353501063829785 0.0008475157765957446 0.00041712318936170225 0.012086468297872343 0.00010178866445744685 0.0027430965957446814 0.02198051489361702 0.012790618510638296 0.009246416914893616 0.015162612765957453 0.33335705319148934 
0.08317640000000011 -1.432697765957446 1.0740893617021274 0.028416914893617022 0.0008492163404255325 0.0014400464372340428 0.01228848053191489 0.00013971986446808507 0.0024841118085106384 0.021624665957446807 0.012564313085106384 0.009062422553191493 0.0150302809574468 0.3331458936170213 
0.06918310000000004 -1.4476505319148933 1.0503650957446813 0.02836265744680851 0.0008475628404255321 -0.00038817592021276584 0.011886994893617022 -8.21344648936171e-05 0.0022562382978723395 0.022117497872340425 0.012832862553191491 0.009218909148936166 0.01528246031914894 0.3331358723404256 
0.05754400000000003 -1.4598780851063833 1.0417942446808508 0.02817735 0.000838920234042553 0.0006374496776595747 0.011707139468085109 5.4127035010638294e-05 0.002049157659574468 0.02242842127659574 0.013002933723404253 0.009306759787234045 0.015166816063829792 0.3329945 
0.047863000000000044 -1.4699431914893621 1.038762095744681 0.028139285106382993 0.0008357392340425534 -0.0003898391308510639 0.012115026063829786 -2.6887701680851063e-05 0.0018634759574468079 0.021158039361702123 0.012262946595744681 0.008769835319148938 0.015854361595744677 0.33295623404255326 
0.039810699999999956 -1.4782442553191488 1.0291332234042556 0.028152307446808515 0.000835725904255319 0.0015738659755319144 0.011916675531914896 6.416432648936174e-05 0.0016938668085106382 0.021823155319148944 0.01263856063829787 0.009013073085106384 0.015749498297872346 0.3330420638297873 
0.0331131 -1.4851137234042557 1.0172266914893615 0.028133727659574465 0.0008342608723404253 0.0002480960329787234 0.01234691829787234 4.109404574468081e-05 0.0015448068085106388 0.021906008723404258 0.012676951702127662 0.009033910425531914 0.015428586063829795 0.3334346170212766 
0.02754229999999995 -1.4907979787234047 1.0198721595744682 0.02808934574468086 0.0008309156170212767 -7.390256382978731e-05 0.012553620531914894 0.0006630055121276592 0.0014043176595744675 0.02105809340425531 0.012185128829787234 0.008673262234042552 0.015249627765957442 0.3343607127659574 
0.022908699999999945 -1.4955090425531918 1.0185341382978723 0.028029182978723394 0.0008274200212765957 0.0006173385106382981 0.01130166489361702 0.00016070071795744683 0.0012795176595744682 0.021108914680851073 0.012211249255319146 0.008683248191489355 0.015923110319148937 0.33342120212765963 
0.019054600000000022 -1.4994163829787228 1.014317978723404 0.028035225531914888 0.0008270737765957447 6.814243617021269e-05 0.011181347553191485 0.00023468076301063828 0.001165849042553191 0.021393242765957447 0.012369605319148934 0.008784395531914893 0.016015808829787228 0.33272989361702116 
0.01584889999999996 -1.5026576595744683 1.0090299680851063 0.02800258723404255 0.0008249376063829787 0.002056108882978724 0.01082696170212766 0.00011503058723404264 0.0010613641489361707 0.022157287127659575 0.012807006808510638 0.009087465531914897 0.015574259148936167 0.33365244680851075 
0.013182600000000001 -1.5053475531914897 1.0121905212765956 0.027981011702127658 0.0008239454361702123 0.0013521829042553192 0.012055758510638304 -0.00025928288404255314 0.0009665607446808505 0.02081169797872341 0.012027394787234037 0.008534166489361703 0.015531601063829783 0.3336871276595745 
0.010964799999999999 -1.507583191489362 1.0048419255319152 0.02800608936170212 0.0008255847127659575 0.0015985770791489356 0.011278694574468087 0.0002947697361702125 0.0008834275425531917 0.020835816808510634 0.012040194361702129 0.00853531 0.016387017234042556 0.33321105319148936 
0.009120110000000013 -1.5094386170212766 1.0118349574468086 0.027982200000000006 0.0008245858829787228 0.0009118572659574472 0.01109423063829787 0.00046497787287234037 0.0008024275212765957 0.020449646702127667 0.011815158617021277 0.008374331276595743 0.015967175425531912 0.33349490425531897 
0.007585779999999989 -1.5109810638297871 1.0021578085106384 0.02798762978723403 0.0008244282234042554 0.0004423586702127658 0.011844317765957445 0.0014643497340425529 0.0007317592340425531 0.02137496712765958 0.012348578404255312 0.008745142340425534 0.015166626914893623 0.3327408723404256 
0.00630956999999999 -1.5122621276595747 1.001938202127659 0.027960553191489358 0.0008226573404255325 -0.00034747774148936156 0.011498405957446806 -5.57776063829794e-06 0.0006665961063829785 0.022262183936170212 0.01285851255319149 0.009104733404255319 0.014879840425531912 0.3333931063829787 
0.0052480699999999944 -1.5133274468085107 1.0065771489361706 0.02796165957446809 0.0008226846914893618 0.0004499536170212765 0.012016843404255323 -0.0006703838510638301 0.0006085237021276595 0.021835339255319153 0.012611049042553188 0.008928195 0.014974016063829797 0.33272131914893616 
0.004365159999999995 -1.5142124468085116 0.997041255319149 0.027952842553191495 0.0008221692872340425 -0.0002880659489361698 0.012074807127659579 0.0007007002819148939 0.0005540261382978724 0.021961930106382973 0.012682706382978722 0.00897752670212766 0.014999860638297873 0.33313449999999994 
0.00363078 -1.5149491489361702 1.001370712765958 0.027945976595744697 0.0008217760957446808 0.00023358269680851023 0.012065904787234042 0.001340926985744681 0.0005048446808510638 0.02199301510638298 0.012701032127659573 0.008987553936170213 0.01535419680851063 0.3337229361702128 
0.003019949999999995 -1.5155610638297872 1.0040117340425534 0.02794112553191489 0.0008214783723404256 -2.8582860638297786e-05 0.011970646808510638 0.0022338518531914895 0.00046168715957446824 0.02163658936170213 0.012495221170212768 0.00883966893617021 0.014920276063829787 0.33335590425531925 
0.002511889999999996 -1.5160697872340418 1.0037237553191487 0.02794952021276595 0.0008219707659574465 -0.00017714461595744684 0.011673404361702128 0.001690040340425532 0.00042046397872340434 0.021781441170212766 0.012578096914893616 0.008898455000000003 0.014879057446808517 0.3335512234042553 
0.0020892999999999966 -1.5164924468085115 0.9967330319148937 0.02794014999999999 0.0008214177659574468 -0.000862929074468085 0.011492560638297868 0.0006505454244680852 0.0003829338191489361 0.02163637095744681 0.012494234787234038 0.008837344361702127 0.01452282680851064 0.3328528191489362 
0.0017378000000000016 -1.5168443617021274 0.9967029893617018 0.027939831914893614 0.0008213925106382976 -0.0008101884468085108 0.011819697234042557 -0.0003721382442553192 0.0003503220000000001 0.020876403085106368 0.012054401170212765 0.008527433085106383 0.014854505212765956 0.3329655106382978 
0.001445440000000002 -1.5171362765957437 0.9948721702127656 0.027937126595744696 0.0008212136489361706 -0.0006386188404255319 0.011885959680851068 -0.001246301417340426 0.0003191579680851064 0.02055048457446809 0.01186667117021277 0.008393213723404257 0.014756621595744679 0.3332745744680851 
0.0012022599999999975 -1.5173800000000002 0.9997928510638295 0.02793525212765958 0.0008210841276595746 -0.0009199828191489363 0.011606676489361699 -0.00028877156234042564 0.00029080031914893625 0.020748182234042557 0.011980056808510645 0.00847404234042553 0.01516833180851064 0.33349704255319146 
