10.0 -0.04441076 0.004424526 0.043244349999999994 0.001950102 
8.317639999999999 -0.05346156999999999 0.006491637 0.043235359999999994 0.001948388 
6.91831 -0.06423462 0.00931638 0.04327893 0.00195247 
5.754400000000001 -0.07729285999999999 0.0135165 0.043278229999999994 0.0019528169999999997 
4.786299999999999 -0.09311596 0.01923636 0.04322037 0.001947927 
3.98107 -0.11200379999999999 0.028163350000000004 0.04328604999999999 0.0019535459999999996 
3.3113099999999998 -0.13476400000000002 0.04058217 0.043255169999999996 0.001950293 
2.75423 -0.16206569999999998 0.058539010000000016 0.04326705000000001 0.001951452 
2.2908699999999995 -0.1951449 0.08614249999999998 0.04333389 0.001957146 
1.9054600000000002 -0.2350562 0.12622519999999998 0.043372789999999994 0.0019612939999999997 
1.58489 -0.2832274 0.182444 0.043373300000000004 0.001962154 
1.3182600000000002 -0.3419582 0.2636776 0.04338697000000001 0.001964006 
1.09648 -0.41225680000000003 0.3803602 0.04361469999999999 0.001985181 
0.9120109999999999 -0.49582989999999993 0.5429522999999999 0.04385546 0.0020087209999999998 
0.758578 -0.5940179000000001 0.7511914 0.0443417 0.002056147 
0.6309570000000001 -0.7044297 0.9941748 0.04496715999999999 0.0021178230000000004 
0.524807 -0.8224672999999999 1.2362000000000002 0.04577052 0.00219773 
0.436516 -0.9396359999999999 1.408926 0.04631463 0.0022559190000000003 
0.36307799999999996 -1.046544 1.4934290000000001 0.046421199999999996 0.002269217 
0.30199499999999996 -1.13738 1.4756399999999998 0.045858460000000004 0.002216179 
0.25118900000000005 -1.211223 1.432332 0.044950170000000005 0.002134121 
0.20893 -1.270605 1.3898370000000004 0.043787889999999996 0.002022819 
0.17378000000000002 -1.3187419999999999 1.362171 0.04243774 0.0019025090000000001 
0.144544 -1.35793 1.3364260000000001 0.04150431 0.001819447 
0.12022599999999997 -1.389836 1.196946 0.039376940000000006 0.0016324310000000002 
0.09999999999999999 -1.414017 1.1150410000000002 0.03732036 0.0014553470000000003 
0.08317640000000001 -1.4325080000000001 1.0841949999999998 0.03901754 0.0016018087 
0.06918310000000001 -1.4474869999999997 1.0361379999999998 0.038538909999999996 0.0015592100000000001 
0.057544 -1.4597419999999999 1.0426980000000001 0.03804829 0.0015356435 
0.047862999999999996 -1.4697930000000001 1.042907 0.03783339 0.0015198584 
0.03981069999999999 -1.478094 1.0269352 0.03766591000000001 0.0015069515000000003 
0.0331131 -1.484948 1.0248425 0.03745079 0.0014942783 
0.0275423 -1.4906300000000001 1.020786 0.03758032 0.0015016655 
0.0229087 -1.4953400000000001 1.0152329 0.03754596 0.001495931 
0.0190546 -1.4992459999999999 1.0070191999999998 0.03748463 0.0014913993999999997 
0.0158489 -1.5024859999999998 1.0071622999999998 0.03742507999999999 0.0014868011 
0.0131826 -1.505175 1.0019513 0.037414939999999994 0.0014860886 
0.010964799999999999 -1.5074079999999999 1.0061722000000002 0.0374115 0.0014851988999999997 
0.00912011 -1.509266 1.0028115 0.03737013 0.0014818181 
0.00758578 -1.5108080000000002 1.0042411000000002 0.037354429999999994 0.0014811600999999998 
0.006309569999999999 -1.512088 1.0092244000000001 0.03735786 0.0014812516 
0.00524807 -1.5131520000000003 0.9957868 0.03733544 0.0014791038 
0.00436516 -1.5140350000000002 1.0019784999999999 0.0373369 0.0014791488999999999 
0.00363078 -1.514772 1.0004301 0.03732402 0.0014783339 
0.00301995 -1.5153839999999998 1.0026738 0.037307709999999994 0.0014763085 
0.0025118899999999997 -1.515893 0.9940346999999999 0.037305679999999994 0.0014764545999999999 
0.0020892999999999997 -1.516314 1.0108462 0.03730382 0.0014758773 
0.0017378 -1.5166670000000002 0.9962401999999999 0.0373136 0.0014769061 
0.0014454399999999999 -1.5169600000000003 1.0119558 0.03730586 0.0014760226999999998 
0.00120226 -1.517203 0.9943541 0.03729845 0.0014756633000000002 
