10 -0.0445052 0.00451404 0.0663784 0.00459257 1.49924
8.31764 -0.0530212 0.00652559 0.0666121 0.00462346 1.49855
6.91831 -0.0648716 0.00933912 0.0663715 0.00459573 1.49852
5.7544 -0.0771604 0.0137996 0.0666089 0.00462597 1.49703
4.7863 -0.0931569 0.0193041 0.0665541 0.00462009 1.49622
3.98107 -0.111825 0.0280647 0.0664567 0.0046007 1.49482
3.31131 -0.13516 0.0413296 0.0664949 0.00461065 1.49201
2.75423 -0.162162 0.0592893 0.0664265 0.00460079 1.48897
2.29087 -0.195586 0.0870143 0.0669158 0.00467388 1.48459
1.90546 -0.234933 0.122798 0.0667988 0.00465001 1.47745
1.58489 -0.282834 0.179975 0.0668694 0.00465711 1.46768
1.31826 -0.34151 0.263254 0.0665519 0.00461924 1.45443
1.09648 -0.412359 0.37892 0.0671742 0.00470326 1.43472
0.912011 -0.495563 0.516335 0.0674838 0.00475517 1.40906
0.758578 -0.594139 0.753462 0.0685053 0.0049131 1.37509
0.630957 -0.704766 1.0313 0.0693181 0.00503688 1.33298
0.524807 -0.822661 1.25756 0.070284 0.00518155 1.2825
0.436516 -0.939446 1.43059 0.0713576 0.00535822 1.22878
0.363078 -1.04629 1.48948 0.0711954 0.00533968 1.17626
0.301995 -1.13704 1.47908 0.0712416 0.00535444 1.12756
0.251189 -1.21145 1.48976 0.0690804 0.00504972 1.08679
0.20893 -1.27063 1.40585 0.0672148 0.00477589 1.0538
0.17378 -1.31873 1.33118 0.0662014 0.00462201 1.02718
0.144544 -1.35831 1.29313 0.0605452 0.00386525 1.00684
0.120226 -1.38965 1.16283 0.0579758 0.00351708 0.992533
0.1 -1.41322 1.08066 0.0459623 0.00219897 0.98343
0.0831764 -1.43158 1.07972 0.0433944 0.00194435 0.977837
0.0691831 -1.44627 0.996817 0.043483 0.00195091 0.974602
0.057544 -1.45857 1.02161 0.0417477 0.00178404 0.973527
0.047863 -1.46864 1.01584 0.0410148 0.00171505 0.973442
0.0398107 -1.47693 1.03472 0.0408352 0.00169521 0.974099
0.0331131 -1.4838 0.997749 0.0405168 0.0016643 0.97514
0.0275423 -1.48948 1.02738 0.0403936 0.00165126 0.976457
0.0229087 -1.49417 1.00673 0.0403852 0.00164655 0.977782
0.0190546 -1.49808 0.998066 0.0400499 0.00161712 0.979066
0.0158489 -1.50132 0.991891 0.0398124 0.0015967 0.980308
0.0131826 -1.50399 0.967714 0.0398037 0.00159375 0.981296
0.0109648 -1.50623 0.995401 0.0398759 0.00159785 0.982205
0.00912011 -1.50807 1.03724 0.0399184 0.00159983 0.982991
0.00758578 -1.50962 1.02246 0.0397289 0.00158373 0.983696
0.00630957 -1.5109 1.01611 0.0397474 0.00158427 0.98425
0.00524807 -1.51197 0.96982 0.0397531 0.001584 0.984743
0.00436516 -1.51285 1.04479 0.0396802 0.00157759 0.985155
0.00363078 -1.51359 1.0043 0.0396422 0.00157401 0.985483
0.00301995 -1.5142 0.995035 0.0397049 0.00157863 0.985774
0.00251189 -1.5147 1.01526 0.0396778 0.00157617 0.986024
0.0020893 -1.51513 0.984922 0.0396515 0.00157376 0.986224
0.0017378 -1.51548 1.00589 0.0396429 0.00157278 0.986387
0.00144544 -1.51577 1.01601 0.0396099 0.00156994 0.986531
0.00120226 -1.51601 0.991584 0.0396317 0.00157149 0.98665
