10 -0.0443483 0.00454852 0.0431493 0.00194149 1.49897
8.31764 -0.0535421 0.00638803 0.0432501 0.00194903 1.49867
6.91831 -0.0639073 0.00933861 0.0431933 0.00194749 1.49849
5.7544 -0.0774547 0.013642 0.0430823 0.00193473 1.49755
4.7863 -0.0932048 0.019024 0.0433746 0.00196135 1.49617
3.98107 -0.112264 0.0287613 0.0430713 0.00193498 1.49481
3.31131 -0.134765 0.0411583 0.0431332 0.00193943 1.49231
2.75423 -0.162059 0.0580753 0.0432834 0.00195207 1.48888
2.29087 -0.194895 0.0846423 0.0433616 0.00195958 1.48465
1.90546 -0.235216 0.127419 0.0433875 0.00196326 1.47718
1.58489 -0.283297 0.187476 0.0434722 0.00197119 1.4679
1.31826 -0.341877 0.270901 0.0435 0.00197482 1.45413
1.09648 -0.41225 0.380699 0.0434266 0.00196811 1.43486
0.912011 -0.495719 0.532592 0.0439353 0.00201557 1.40976
0.758578 -0.594093 0.758789 0.0442816 0.002049 1.37534
0.630957 -0.704366 1.0003 0.0450789 0.00213177 1.33289
0.524807 -0.822592 1.23102 0.0455877 0.00218193 1.28244
0.436516 -0.93961 1.36272 0.0464136 0.00226603 1.22854
0.363078 -1.04636 1.46836 0.0464198 0.00227039 1.17584
0.301995 -1.13741 1.42633 0.0459146 0.00222291 1.1279
0.251189 -1.21141 1.39638 0.0448282 0.00212282 1.0869
0.20893 -1.27057 1.38914 0.0439982 0.00204145 1.0538
0.17378 -1.31873 1.32635 0.0423707 0.00189463 1.02718
0.144544 -1.35791 1.35606 0.0420702 0.00187379 1.00693
0.120226 -1.38995 1.19278 0.0382134 0.0015277 0.992307
0.1 -1.41402 1.09763 0.0334946 0.00115654 0.983109
0.0831764 -1.4325 1.10274 0.0351377 0.00125961 0.977483
0.0691831 -1.44732 1.06882 0.035051 0.00125054 0.974432
0.057544 -1.45953 1.05527 0.0349045 0.00123679 0.973178
0.047863 -1.46961 1.04109 0.0348663 0.00122987 0.973012
0.0398107 -1.47791 1.05522 0.0347875 0.00122198 0.973628
0.0331131 -1.48474 1.01907 0.0346385 0.00120987 0.97478
0.0275423 -1.49043 1.07111 0.034771 0.00121735 0.976095
0.0229087 -1.49514 1.06685 0.0346963 0.00121087 0.977489
0.0190546 -1.49906 1.01343 0.0346695 0.00120777 0.978817
0.0158489 -1.50229 1.02105 0.0345954 0.00120141 0.980002
0.0131826 -1.50498 1.00495 0.0345986 0.00120099 0.981083
0.0109648 -1.50722 1.03207 0.03465 0.00120383 0.982027
0.00912011 -1.50907 1.01616 0.0346141 0.00120085 0.982848
0.00758578 -1.51062 1.04573 0.0345297 0.00119457 0.983545
0.00630957 -1.51189 0.990687 0.0345287 0.00119414 0.984127
0.00524807 -1.51296 0.969055 0.0345751 0.001197 0.984619
0.00436516 -1.51384 1.01205 0.0345644 0.00119604 0.985035
0.00363078 -1.51458 1.00948 0.034574 0.00119642 0.985389
0.00301995 -1.51519 1.01175 0.034535 0.00119357 0.985672
0.00251189 -1.5157 1.0361 0.0345382 0.00119363 0.98592
0.0020893 -1.51612 1.00384 0.0345162 0.00119201 0.986118
0.0017378 -1.51647 0.991025 0.0345483 0.0011941 0.986293
0.00144544 -1.51677 0.998299 0.0345572 0.00119463 0.986433
0.00120226 -1.51701 0.980666 0.0345611 0.00119484 0.986546
