10 -0.0445895 0.0045064 0.0666682 0.00463498 1.49952
8.31764 -0.0538192 0.00653305 0.0666951 0.00464233 1.49877
6.91831 -0.064236 0.00896735 0.067114 0.00469128 1.49871
5.7544 -0.0769682 0.0131959 0.0664961 0.00461438 1.4974
4.7863 -0.0931656 0.0195285 0.0667382 0.00464183 1.49625
3.98107 -0.111872 0.0284246 0.0665657 0.00461452 1.49508
3.31131 -0.134654 0.0406294 0.0665813 0.00462828 1.49207
2.75423 -0.16181 0.0595772 0.0661822 0.0045641 1.48927
2.29087 -0.195122 0.086979 0.0670361 0.00467936 1.48511
1.90546 -0.235227 0.124117 0.0666245 0.00462917 1.47713
1.58489 -0.283609 0.180031 0.0670494 0.00468197 1.46722
1.31826 -0.342292 0.263798 0.0668355 0.00466121 1.45402
1.09648 -0.412534 0.365715 0.0670463 0.00469575 1.43527
0.912011 -0.495668 0.53542 0.0676585 0.00478149 1.40951
0.758578 -0.593759 0.734157 0.0681886 0.00486599 1.37486
0.630957 -0.70481 0.966689 0.0690962 0.00500064 1.33208
0.524807 -0.822779 1.22271 0.0703 0.00518918 1.2826
0.436516 -0.939479 1.42729 0.0714788 0.00536788 1.22928
0.363078 -1.04669 1.45902 0.0713116 0.00535491 1.17555
0.301995 -1.13709 1.51051 0.0707072 0.00526659 1.12764
0.251189 -1.21145 1.38425 0.0697818 0.00514221 1.08684
0.20893 -1.27054 1.41531 0.0670805 0.00476129 1.05363
0.17378 -1.31916 1.30651 0.0642399 0.00436584 1.02703
0.144544 -1.3582 1.30429 0.0638113 0.00428626 1.007
0.120226 -1.39012 1.15349 0.0709387 0.00521544 0.991985
0.1 -1.41253 1.11542 0.049218 0.00253186 0.983281
0.0831764 -1.43214 1.08505 0.0508135 0.00266942 0.977439
0.0691831 -1.44743 1.05532 0.0620119 0.00392737 0.974347
0.057544 -1.45982 1.07857 0.062033 0.00388664 0.973439
0.047863 -1.46999 1.02899 0.0655628 0.0043344 0.973408
0.0398107 -1.47827 1.03324 0.0656089 0.00433435 0.974192
0.0331131 -1.48517 1.0146 0.0653422 0.00429326 0.975399
0.0275423 -1.49082 1.03177 0.065432 0.00430145 0.976706
0.0229087 -1.49551 1.01575 0.065282 0.00427735 0.978182
0.0190546 -1.49943 1.04123 0.0653059 0.00427822 0.979523
0.0158489 -1.50266 1.01552 0.0653024 0.00427519 0.980737
0.0131826 -1.50535 1.01316 0.0653869 0.00428447 0.981836
0.0109648 -1.50758 0.982951 0.065377 0.00428157 0.982758
0.00912011 -1.50944 1.01071 0.0653414 0.00427565 0.983575
0.00758578 -1.51097 1.00487 0.0654319 0.00428631 0.984279
0.00630957 -1.51225 1.03384 0.0653576 0.00427579 0.984835
0.00524807 -1.51331 0.992647 0.0654826 0.00429149 0.985336
0.00436516 -1.5142 0.991486 0.0655585 0.00430079 0.985738
0.00363078 -1.51493 1.02775 0.0655403 0.00429789 0.986085
0.00301995 -1.51555 0.994466 0.0654647 0.00428765 0.986359
0.00251189 -1.51605 1.00414 0.0655281 0.0042956 0.986602
0.0020893 -1.51648 0.987294 0.0655011 0.00429177 0.986803
0.0017378 -1.51683 1.00692 0.0654512 0.004285 0.986973
0.00144544 -1.51712 0.999487 0.0654932 0.00429032 0.987103
0.00120226 -1.51736 0.986202 0.0655381 0.00429604 0.98722
