10 -0.0445797 0.00436143 0.0431832 0.00194527 1.49908
8.31764 -0.0537163 0.0065953 0.043128 0.0019385 1.4991
6.91831 -0.0643052 0.00936467 0.0432864 0.00195225 1.4979
5.7544 -0.0773544 0.0135789 0.0432814 0.00195496 1.49734
4.7863 -0.0934222 0.0195044 0.0430879 0.00193294 1.4963
3.98107 -0.111931 0.0281344 0.0433088 0.0019553 1.49488
3.31131 -0.134439 0.0411748 0.0431834 0.00194643 1.49275
2.75423 -0.16219 0.0592859 0.0432578 0.00194765 1.48919
2.29087 -0.195322 0.0876855 0.0433829 0.00196223 1.48421
1.90546 -0.235217 0.125905 0.0436994 0.00199084 1.47775
1.58489 -0.282976 0.179999 0.0433091 0.00195644 1.46832
1.31826 -0.341831 0.264758 0.0433181 0.00195765 1.45412
1.09648 -0.412284 0.372899 0.0438925 0.00200943 1.43498
0.912011 -0.49592 0.546448 0.0438315 0.0020063 1.40919
0.758578 -0.59397 0.738495 0.0445369 0.00207288 1.37544
0.630957 -0.704003 0.985062 0.0449632 0.00211794 1.33239
0.524807 -0.822454 1.24293 0.0456982 0.00219081 1.28248
0.436516 -0.939667 1.43426 0.0461854 0.00224218 1.22863
0.363078 -1.04647 1.50759 0.0461598 0.00224459 1.17549
0.301995 -1.13723 1.49495 0.0458143 0.00221196 1.12786
0.251189 -1.21108 1.43493 0.0453897 0.00217536 1.08692
0.20893 -1.27052 1.42886 0.0445194 0.00209581 1.05372
0.17378 -1.31869 1.34592 0.0422413 0.00188314 1.02711
0.144544 -1.35778 1.27724 0.0413239 0.00180076 1.00703
0.120226 -1.39018 1.15019 0.0367096 0.00142218 0.992176
0.1 -1.41389 1.0883 0.0349527 0.00127519 0.983047
0.0831764 -1.43213 1.07031 0.0354257 0.0012871 0.977502
0.0691831 -1.44695 1.01586 0.0355752 0.00129601 0.974436
0.057544 -1.45938 1.01508 0.0421148 0.00179404 0.972819
0.047863 -1.46943 1.0483 0.0420228 0.00178329 0.97269
0.0398107 -1.47773 1.02056 0.0418412 0.00176447 0.973418
0.0331131 -1.48457 1.03006 0.0419997 0.00177541 0.974522
0.0275423 -1.49027 0.997761 0.0419021 0.00176539 0.975876
0.0229087 -1.49498 0.984337 0.0417763 0.00175299 0.977271
0.0190546 -1.49888 1.02535 0.0417467 0.00174935 0.978602
0.0158489 -1.50213 1.00816 0.0417349 0.00174751 0.97981
0.0131826 -1.50481 1.01687 0.0415979 0.00173481 0.980898
0.0109648 -1.50704 1.01154 0.0415115 0.00172688 0.981838
0.00912011 -1.50891 1.01545 0.0416074 0.00173424 0.982652
0.00758578 -1.51045 1.01484 0.0415159 0.00172612 0.983351
0.00630957 -1.51173 1.0445 0.0414188 0.0017176 0.983937
0.00524807 -1.51279 1.02753 0.0414052 0.00171619 0.984427
0.00436516 -1.51368 0.961147 0.0413288 0.0017095 0.984844
0.00363078 -1.51441 1.02634 0.0413747 0.00171309 0.985188
0.00301995 -1.51503 1.01287 0.041345 0.00171036 0.985472
0.00251189 -1.51553 0.974689 0.0413201 0.0017082 0.985711
0.0020893 -1.51595 1.03225 0.0412822 0.0017049 0.985913
0.0017378 -1.51631 0.978938 0.0413032 0.00170652 0.986078
0.00144544 -1.5166 1.01905 0.041324 0.00170814 0.986219
0.00120226 -1.51684 0.961971 0.0412796 0.00170438 0.986334
