10 -0.0445041 0.00443286 0.0664562 0.00460159 1.49869
8.31764 -0.0538009 0.00624948 0.0668899 0.00466098 1.49871
6.91831 -0.0644166 0.00928838 0.0668258 0.00465525 1.49748
5.7544 -0.0773051 0.0138243 0.0666906 0.00463435 1.49752
4.7863 -0.0934534 0.0198477 0.0665675 0.00461741 1.49607
3.98107 -0.112171 0.0289076 0.0667366 0.00463908 1.49494
3.31131 -0.134602 0.0427705 0.0666103 0.00463286 1.49197
2.75423 -0.162132 0.0614749 0.0662341 0.00457945 1.48947
2.29087 -0.194961 0.0852778 0.0670003 0.00468217 1.48431
1.90546 -0.235215 0.125121 0.0668097 0.00464153 1.47694
1.58489 -0.283682 0.184363 0.0668272 0.00465853 1.4679
1.31826 -0.342378 0.258314 0.0673458 0.00472918 1.45507
1.09648 -0.412321 0.366075 0.0671867 0.0047098 1.43455
0.912011 -0.495557 0.525889 0.0676564 0.0047744 1.40918
0.758578 -0.593581 0.754162 0.0678645 0.00482154 1.37504
0.630957 -0.704858 0.96535 0.06933 0.00502701 1.33216
0.524807 -0.822321 1.22465 0.0705641 0.00523378 1.28262
0.436516 -0.939733 1.36814 0.0711 0.00532281 1.2284
0.363078 -1.0462 1.47052 0.0711958 0.00533994 1.17583
0.301995 -1.13723 1.507 0.0707415 0.0052807 1.12815
0.251189 -1.21094 1.45174 0.0685244 0.00496253 1.08679
0.20893 -1.27104 1.39271 0.0676872 0.00484156 1.05343
0.17378 -1.31926 1.3121 0.0643063 0.00435773 1.02675
0.144544 -1.35803 1.30418 0.0618794 0.00404568 1.00677
0.120226 -1.38923 1.16763 0.062356 0.00406973 0.99255
0.1 -1.41357 1.18188 0.0511557 0.00270476 0.98318
0.0831764 -1.43276 1.1061 0.0490951 0.00246711 0.977241
0.0691831 -1.44754 1.02487 0.0484936 0.0023988 0.974142
0.057544 -1.45977 1.05601 0.0481451 0.00235851 0.97281
0.047863 -1.46974 1.04884 0.0474892 0.00228722 0.972794
0.0398107 -1.47806 1.01427 0.047354 0.00226973 0.97352
0.0331131 -1.48495 1.01575 0.0471309 0.00224316 0.974665
0.0275423 -1.49062 0.98808 0.0470003 0.00222821 0.976079
0.0229087 -1.49529 0.978863 0.0468423 0.00220913 0.977433
0.0190546 -1.49919 1.00774 0.0467974 0.00220332 0.978796
0.0158489 -1.50243 0.989942 0.0468055 0.00220148 0.980005
0.0131826 -1.50512 0.993684 0.0466668 0.00218685 0.981126
0.0109648 -1.50734 1.05258 0.0466385 0.0021826 0.982058
0.00912011 -1.5092 1.00661 0.0466481 0.00218205 0.982898
0.00758578 -1.51074 1.00038 0.0466002 0.00217664 0.98359
0.00630957 -1.51202 0.962604 0.0466441 0.00218003 0.98418
0.00524807 -1.51309 0.984591 0.0465504 0.00217057 0.984672
0.00436516 -1.51397 1.01342 0.0465013 0.00216528 0.985104
0.00363078 -1.5147 1.00284 0.0465026 0.00216501 0.985435
0.00301995 -1.51531 1.01821 0.046437 0.00215847 0.98573
0.00251189 -1.51582 0.99958 0.0464622 0.00216041 0.985984
0.0020893 -1.51625 0.990636 0.0464229 0.00215653 0.986183
0.0017378 -1.5166 1.01899 0.0464112 0.00215518 0.986349
0.00144544 -1.51689 1.00681 0.0464036 0.00215427 0.986499
0.00120226 -1.51713 1.02584 0.0463935 0.00215315 0.986622
