10 -0.0439587 0.00459716 0.0666866 0.00463821 1.49865
8.31764 -0.0535046 0.00623344 0.0666465 0.00462586 1.49908
6.91831 -0.0639258 0.0092129 0.0667997 0.00464639 1.49751
5.7544 -0.0772766 0.0134653 0.066874 0.00465382 1.49746
4.7863 -0.0927967 0.0191642 0.0666417 0.00463191 1.49668
3.98107 -0.112058 0.0287439 0.0665684 0.00461876 1.49509
3.31131 -0.134548 0.0407308 0.0663508 0.00459184 1.49317
2.75423 -0.162472 0.0606827 0.0668344 0.0046513 1.48864
2.29087 -0.195184 0.085378 0.0665038 0.0046153 1.48434
1.90546 -0.234969 0.126616 0.0666634 0.0046302 1.47758
1.58489 -0.2831 0.182886 0.0665401 0.0046149 1.46753
1.31826 -0.34184 0.267659 0.0671218 0.00469398 1.45434
1.09648 -0.412366 0.371541 0.0672007 0.00471904 1.43496
0.912011 -0.496832 0.544225 0.0679464 0.00482124 1.40996
0.758578 -0.594039 0.72518 0.0682944 0.00487009 1.37563
0.630957 -0.704018 0.966746 0.0694239 0.00504776 1.33269
0.524807 -0.822151 1.22165 0.0707844 0.00525497 1.2826
0.436516 -0.939141 1.37136 0.0710778 0.00531884 1.22898
0.363078 -1.04656 1.44331 0.0713895 0.00537497 1.17562
0.301995 -1.13765 1.54898 0.0699227 0.0051597 1.12809
0.251189 -1.21116 1.45405 0.069397 0.005088 1.08661
0.20893 -1.27089 1.36286 0.0674488 0.00481417 1.05344
0.17378 -1.31858 1.36193 0.066196 0.00464417 1.0273
0.144544 -1.35823 1.37852 0.0645307 0.00437929 1.00681
0.120226 -1.38939 1.22407 0.0545762 0.00319086 0.992416
0.1 -1.41456 1.09191 0.0633054 0.00412688 0.982572
0.0831764 -1.43275 1.10962 0.0576431 0.0034478 0.977226
0.0691831 -1.44765 1.09378 0.0520505 0.00276025 0.974104
0.057544 -1.45977 1.06122 0.0517511 0.00272028 0.972771
0.047863 -1.4698 1.04037 0.0514295 0.00268154 0.972695
0.0398107 -1.4781 1.01865 0.0508735 0.00261749 0.973358
0.0331131 -1.48499 1.00622 0.0507941 0.00260336 0.9745
0.0275423 -1.49065 1.04955 0.050451 0.00256605 0.975824
0.0229087 -1.49537 1.04745 0.0504116 0.00255856 0.977155
0.0190546 -1.49926 1.06468 0.0501633 0.00253025 0.978459
0.0158489 -1.50251 1.03473 0.0501384 0.00252558 0.979712
0.0131826 -1.50517 1.00453 0.0498951 0.0024993 0.980737
0.0109648 -1.50741 0.974151 0.0499083 0.00249902 0.981651
0.00912011 -1.50926 0.982585 0.0499067 0.00249751 0.982474
0.00758578 -1.5108 1.02003 0.0498055 0.00248618 0.98315
0.00630957 -1.51208 1.02494 0.0497269 0.00247747 0.983727
0.00524807 -1.51315 0.981991 0.0497051 0.00247443 0.984224
0.00436516 -1.51403 1.02136 0.0497062 0.00247401 0.984638
0.00363078 -1.51476 0.969662 0.0496144 0.00246419 0.985006
0.00301995 -1.51538 0.986202 0.0496314 0.00246547 0.98529
0.00251189 -1.51588 1.00076 0.0496077 0.00246278 0.985532
0.0020893 -1.51631 1.01334 0.0495825 0.00246 0.985746
0.0017378 -1.51666 1.00595 0.0495544 0.00245691 0.985915
0.00144544 -1.51695 1.02644 0.0496015 0.00246135 0.98605
0.00120226 -1.51719 0.997702 0.049555 0.00245662 0.986178
