10 -0.0442112 0.00421948 0.0433842 0.00196186 1.49906
8.31764 -0.0532498 0.00638566 0.0433271 0.00195422 1.49864
6.91831 -0.0641234 0.00914006 0.0430505 0.00193092 1.49842
5.7544 -0.0773356 0.0139202 0.0434245 0.00196457 1.49749
4.7863 -0.0928172 0.0194238 0.0433634 0.00196204 1.49632
3.98107 -0.112174 0.0289332 0.0435121 0.00197153 1.49458
3.31131 -0.134724 0.0403752 0.0432747 0.00195234 1.49239
2.75423 -0.161912 0.0600204 0.0433315 0.00195832 1.48857
2.29087 -0.195171 0.0834088 0.0433646 0.00195894 1.48431
1.90546 -0.234956 0.126764 0.0432304 0.00194931 1.47778
1.58489 -0.283241 0.175567 0.0434217 0.00196857 1.46793
1.31826 -0.342091 0.250889 0.0432447 0.00195321 1.45404
1.09648 -0.412162 0.386587 0.0436653 0.00198904 1.43504
0.912011 -0.495685 0.55398 0.0438206 0.00200662 1.40922
0.758578 -0.594074 0.77664 0.0445154 0.00207332 1.37512
0.630957 -0.704392 1.00775 0.0449348 0.00211467 1.3325
0.524807 -0.822272 1.21163 0.0457942 0.00219592 1.28253
0.436516 -0.939584 1.42209 0.0465078 0.0022724 1.22844
0.363078 -1.04661 1.48207 0.0463245 0.00225675 1.17574
0.301995 -1.13729 1.51441 0.0458616 0.00221747 1.12777
0.251189 -1.21133 1.43072 0.0447851 0.00211737 1.08698
0.20893 -1.27051 1.37851 0.0437466 0.00202202 1.05382
0.17378 -1.31862 1.36088 0.0430147 0.00194909 1.02711
0.144544 -1.35762 1.28082 0.0413045 0.0018042 1.00714
0.120226 -1.38891 1.1931 0.0386428 0.00161715 0.992626
0.1 -1.41348 1.10353 0.0380508 0.00149521 0.983153
0.0831764 -1.43207 1.08925 0.0364159 0.0013732 0.977515
0.0691831 -1.44717 1.02538 0.0320807 0.00105315 0.974345
0.057544 -1.45941 1.05925 0.0282609 0.000821077 0.973159
0.047863 -1.46951 1.00799 0.026612 0.000725151 0.973003
0.0398107 -1.47781 1.04243 0.0259625 0.000688291 0.973687
0.0331131 -1.48468 1.0372 0.0255032 0.000662067 0.974829
0.0275423 -1.49034 1.04321 0.0253506 0.00065233 0.976168
0.0229087 -1.49507 1.01531 0.0250311 0.000634496 0.977537
0.0190546 -1.49896 0.987344 0.0249874 0.0006315 0.97886
0.0158489 -1.50221 0.979061 0.0247116 0.000616421 0.980091
0.0131826 -1.5049 0.995573 0.0247095 0.000615524 0.981173
0.0109648 -1.50713 1.00416 0.0246764 0.00061316 0.982132
0.00912011 -1.50899 0.987144 0.0246753 0.000612284 0.982959
0.00758578 -1.51053 0.979155 0.0244796 0.000602172 0.983652
0.00630957 -1.51181 0.996741 0.0245873 0.000607003 0.984257
0.00524807 -1.51288 0.987579 0.0245437 0.000604505 0.984752
0.00436516 -1.51376 1.04234 0.0245898 0.000606291 0.985189
0.00363078 -1.51449 1.01937 0.0245287 0.000603054 0.985538
0.00301995 -1.51511 1.01195 0.0245377 0.000603339 0.985836
0.00251189 -1.51562 0.988454 0.0245742 0.000604892 0.986089
0.0020893 -1.51604 1.00753 0.0246547 0.000608657 0.986307
0.0017378 -1.51639 1.00703 0.0246407 0.000607815 0.986477
0.00144544 -1.51668 0.991232 0.0246496 0.000608125 0.986622
0.00120226 -1.51693 0.988524 0.0246198 0.000606612 0.98674
