10 -0.0444889 0.00454534 0.0433311 0.00195786 1.49948
8.31764 -0.0532968 0.00659565 0.0432363 0.00195013 1.49848
6.91831 -0.0642665 0.00916886 0.0432738 0.00195446 1.49817
5.7544 -0.076892 0.013794 0.0432073 0.00194662 1.49731
4.7863 -0.0933437 0.0185652 0.0429946 0.00192853 1.49613
3.98107 -0.112074 0.0280378 0.0434377 0.00197012 1.49466
3.31131 -0.135092 0.0394827 0.0434111 0.0019648 1.49239
2.75423 -0.162254 0.0575004 0.0430861 0.00193679 1.489
2.29087 -0.19525 0.0893971 0.0434749 0.00196808 1.48424
1.90546 -0.235322 0.125924 0.0434237 0.00196592 1.47735
1.58489 -0.282953 0.180238 0.0431777 0.00194769 1.46793
1.31826 -0.341842 0.262871 0.0433011 0.00195644 1.45406
1.09648 -0.412215 0.375336 0.0434592 0.00197033 1.43524
0.912011 -0.496078 0.53257 0.0437976 0.00200261 1.40937
0.758578 -0.593706 0.730326 0.0442992 0.0020526 1.37547
0.630957 -0.704739 1.00549 0.0452059 0.00213831 1.33275
0.524807 -0.822615 1.20384 0.0459387 0.00221794 1.28241
0.436516 -0.939538 1.40023 0.0464252 0.00226677 1.22881
0.363078 -1.04653 1.42207 0.0466217 0.00228931 1.17576
0.301995 -1.13748 1.43286 0.0456908 0.00220407 1.12773
0.251189 -1.2112 1.442 0.0449116 0.0021275 1.08682
0.20893 -1.27058 1.38738 0.0439675 0.0020388 1.05362
0.17378 -1.31877 1.37307 0.0415401 0.00182281 1.02722
0.144544 -1.3582 1.32024 0.0421209 0.00187654 1.00686
0.120226 -1.39062 1.2529 0.04204 0.00183008 0.992137
0.1 -1.41392 1.16681 0.0328529 0.00111959 0.982974
0.0831764 -1.43249 1.05261 0.0337157 0.00116413 0.977414
0.0691831 -1.44728 1.0315 0.035471 0.00128651 0.974426
0.057544 -1.45953 1.03029 0.0332852 0.00112612 0.973233
0.047863 -1.46959 1.05718 0.0327871 0.00108979 0.973042
0.0398107 -1.4779 1.05939 0.0326892 0.00108131 0.973773
0.0331131 -1.48476 1.03034 0.0324267 0.0010617 0.974942
0.0275423 -1.49041 1.04262 0.0321797 0.00104396 0.976193
0.0229087 -1.49514 0.97693 0.0320893 0.00103688 0.977582
0.0190546 -1.49905 1.01604 0.0318085 0.00101772 0.978937
0.0158489 -1.50228 1.0331 0.031762 0.00101379 0.980174
0.0131826 -1.50498 0.997935 0.0317259 0.00101068 0.981263
0.0109648 -1.5072 0.991283 0.0316947 0.00100787 0.982218
0.00912011 -1.50906 1.0131 0.0316535 0.00100472 0.983039
0.00758578 -1.5106 0.976296 0.0316032 0.00100122 0.983744
0.00630957 -1.51189 1.03648 0.031578 0.000999202 0.984342
0.00524807 -1.51295 0.997582 0.0315357 0.000996185 0.984844
0.00436516 -1.51383 0.980845 0.0315213 0.000994987 0.985267
0.00363078 -1.51457 1.01004 0.0315157 0.000994371 0.98563
0.00301995 -1.51518 0.995923 0.0315568 0.000996771 0.985925
0.00251189 -1.51569 0.972615 0.0314879 0.000992249 0.98617
0.0020893 -1.51611 0.981527 0.0314818 0.000991762 0.986379
0.0017378 -1.51646 0.99125 0.0314875 0.00099202 0.986557
0.00144544 -1.51676 1.02775 0.0314813 0.000991525 0.986694
0.00120226 -1.517 1.01028 0.0314508 0.000989531 0.986819
