10 -0.0449826 0.00441094 0.0667176 0.00464325 1.49867
8.31764 -0.052992 0.0063226 0.0665828 0.00462498 1.49868
6.91831 -0.0642013 0.00935967 0.0669879 0.0046823 1.49816
5.7544 -0.0771039 0.0135072 0.0667883 0.00465028 1.49731
4.7863 -0.0931073 0.019684 0.0665757 0.00461886 1.49655
3.98107 -0.112534 0.0286425 0.0668754 0.00466016 1.49436
3.31131 -0.134383 0.0393708 0.0666255 0.00462676 1.49231
2.75423 -0.161604 0.0602425 0.0667302 0.00464675 1.49003
2.29087 -0.194944 0.0850076 0.0665142 0.00461024 1.48433
1.90546 -0.235249 0.126692 0.0668478 0.00465256 1.47781
1.58489 -0.283226 0.184513 0.0667587 0.00465375 1.46826
1.31826 -0.342446 0.258094 0.0665458 0.00462673 1.45363
1.09648 -0.412051 0.381932 0.0671977 0.00471402 1.43512
0.912011 -0.49575 0.532716 0.0675792 0.00476866 1.40905
0.758578 -0.593949 0.757643 0.0683149 0.00488304 1.37491
0.630957 -0.704788 0.980704 0.0688745 0.00496905 1.33235
0.524807 -0.822002 1.21212 0.0700654 0.00515753 1.28245
0.436516 -0.939419 1.40845 0.0716244 0.00539787 1.22886
0.363078 -1.0463 1.44539 0.0713929 0.00537267 1.17542
0.301995 -1.13697 1.45601 0.0705304 0.00524274 1.12809
0.251189 -1.2112 1.46197 0.0693771 0.00508138 1.087
0.20893 -1.27076 1.39214 0.0680714 0.00489775 1.05344
0.17378 -1.31868 1.37207 0.0655548 0.00453714 1.02732
0.144544 -1.35782 1.3205 0.0637129 0.00430353 1.00687
0.120226 -1.38996 1.20417 0.0624631 0.00404818 0.992234
0.1 -1.41371 1.14618 0.0571512 0.00334779 0.982815
0.0831764 -1.43176 1.06133 0.0572526 0.00334377 0.977234
0.0691831 -1.44665 1.04367 0.0569696 0.0033006 0.974017
0.057544 -1.45881 1.06119 0.0568348 0.00327499 0.972685
0.047863 -1.4689 1.07714 0.0573419 0.00332518 0.972501
0.0398107 -1.47716 1.03229 0.0576995 0.0033602 0.972988
0.0331131 -1.48404 1.03345 0.0576669 0.00335118 0.974042
0.0275423 -1.48969 1.04932 0.0580157 0.00338712 0.975332
0.0229087 -1.4944 1.01077 0.0578844 0.00336856 0.976666
0.0190546 -1.49832 1.04935 0.0579623 0.00337369 0.977954
0.0158489 -1.50155 0.971974 0.0579917 0.00337488 0.979135
0.0131826 -1.50424 1.00335 0.0579502 0.00336828 0.980247
0.0109648 -1.50647 1.0033 0.0580363 0.00337644 0.981196
0.00912011 -1.50831 0.995865 0.0580617 0.00337773 0.982018
0.00758578 -1.50986 1.01057 0.0580295 0.00337306 0.982733
0.00630957 -1.51114 0.999274 0.0580104 0.00337005 0.983338
0.00524807 -1.5122 0.976755 0.0580353 0.00337215 0.98384
0.00436516 -1.51308 0.999845 0.0580715 0.00337546 0.984263
0.00363078 -1.51382 0.982512 0.0580437 0.00337182 0.984632
0.00301995 -1.51443 1.02089 0.0580431 0.00337119 0.984921
0.00251189 -1.51494 1.00429 0.0580869 0.00337606 0.985184
0.0020893 -1.51536 0.987978 0.0580418 0.00337048 0.985384
0.0017378 -1.51571 0.982918 0.0580892 0.0033757 0.985568
0.00144544 -1.516 1.00241 0.0580615 0.00337225 0.985714
0.00120226 -1.51625 0.999849 0.0580543 0.0033712 0.985834
