10 -0.0444012 0.00448371 0.0431657 0.00194499 1.49956
8.31764 -0.0534368 0.00665124 0.043094 0.00193669 1.49881
6.91831 -0.0643719 0.00931027 0.043396 0.00196112 1.49837
5.7544 -0.0770393 0.013684 0.0434881 0.00197183 1.49744
4.7863 -0.0929254 0.0192236 0.0430335 0.00193241 1.4964
3.98107 -0.112151 0.0285249 0.0434788 0.00197265 1.49475
3.31131 -0.134718 0.0403021 0.0432515 0.00195103 1.49218
2.75423 -0.161752 0.0586896 0.0430542 0.00193406 1.48931
2.29087 -0.194715 0.0896589 0.0433648 0.00196026 1.48457
1.90546 -0.234984 0.124558 0.0430907 0.00193636 1.47755
1.58489 -0.283596 0.184415 0.0433712 0.00196189 1.46755
1.31826 -0.341969 0.269936 0.0433721 0.00196218 1.45431
1.09648 -0.412413 0.373412 0.0435076 0.00197369 1.43531
0.912011 -0.496091 0.544835 0.0437713 0.00200101 1.40913
0.758578 -0.594229 0.750132 0.0443657 0.00205977 1.37551
0.630957 -0.704839 1.00221 0.0449737 0.00211862 1.33263
0.524807 -0.822411 1.26603 0.0456526 0.00219033 1.28263
0.436516 -0.939481 1.39834 0.0463189 0.00225799 1.2286
0.363078 -1.04663 1.50948 0.046249 0.00225346 1.17565
0.301995 -1.13732 1.46115 0.0460569 0.00223616 1.12774
0.251189 -1.21133 1.3985 0.0450879 0.00214666 1.08712
0.20893 -1.27061 1.34097 0.0436614 0.00200817 1.05356
0.17378 -1.31879 1.38523 0.0433257 0.00198432 1.02729
0.144544 -1.35776 1.38492 0.0412211 0.00179114 1.00709
0.120226 -1.38985 1.14019 0.0396884 0.00164264 0.992177
0.1 -1.41365 1.10787 0.0477183 0.00232674 0.983196
0.0831764 -1.43188 1.08974 0.054994 0.00306034 0.977696
0.0691831 -1.44691 1.00812 0.0540661 0.00294885 0.974544
0.057544 -1.45913 1.0151 0.054121 0.00294994 0.973235
0.047863 -1.46917 1.05223 0.0543969 0.00297597 0.973142
0.0398107 -1.47746 1.01185 0.0545534 0.00298992 0.973772
0.0331131 -1.48434 1.0245 0.054898 0.00302527 0.974922
0.0275423 -1.49004 1.00635 0.0551499 0.00305099 0.976223
0.0229087 -1.49473 0.997672 0.0551857 0.00305375 0.977587
0.0190546 -1.49865 0.996447 0.0552541 0.00305954 0.97891
0.0158489 -1.50188 1.03506 0.0552414 0.00305697 0.980119
0.0131826 -1.50457 1.00811 0.0553918 0.00307283 0.981209
0.0109648 -1.50681 1.01571 0.0553599 0.00306863 0.982151
0.00912011 -1.50866 0.999522 0.0554651 0.0030796 0.982954
0.00758578 -1.5102 1.00049 0.0554414 0.00307642 0.983653
0.00630957 -1.51148 0.989091 0.0555094 0.00308345 0.984246
0.00524807 -1.51255 1.00259 0.0554637 0.00307809 0.984747
0.00436516 -1.51343 1.00931 0.0555323 0.00308537 0.985168
0.00363078 -1.51417 0.956387 0.055538 0.00308573 0.98552
0.00301995 -1.51478 1.00389 0.0554669 0.00307765 0.985813
0.00251189 -1.51529 1.01903 0.0555285 0.00308432 0.986061
0.0020893 -1.51571 0.996828 0.0555204 0.00308326 0.986262
0.0017378 -1.51606 1.02939 0.0556005 0.00309204 0.98644
0.00144544 -1.51636 1.00826 0.0555557 0.00308694 0.986585
0.00120226 -1.5166 0.964945 0.0555927 0.00309097 0.986707
