10 -0.0446971 0.00441386 0.0665828 0.00461647 1.49925
8.31764 -0.0536738 0.00646866 0.0666105 0.00462234 1.49877
6.91831 -0.0646251 0.00956108 0.0665429 0.00461725 1.49866
5.7544 -0.0772616 0.0137622 0.0662675 0.00457599 1.49796
4.7863 -0.0927897 0.0193884 0.0666211 0.00462605 1.49582
3.98107 -0.112489 0.0280216 0.0666383 0.00463372 1.49423
3.31131 -0.134471 0.0401886 0.0664661 0.00460923 1.49278
2.75423 -0.161489 0.0602105 0.0667443 0.00464272 1.48906
2.29087 -0.195202 0.0848968 0.0664412 0.00461209 1.48461
1.90546 -0.235382 0.122156 0.0668247 0.00465053 1.47761
1.58489 -0.283442 0.182763 0.066556 0.00462771 1.46775
1.31826 -0.342082 0.262619 0.0668088 0.00464835 1.4537
1.09648 -0.412376 0.370419 0.066801 0.00466274 1.43575
0.912011 -0.49613 0.535073 0.0674948 0.00475801 1.40907
0.758578 -0.594011 0.755397 0.0684939 0.00490289 1.37528
0.630957 -0.704549 0.987902 0.0691861 0.005017 1.33249
0.524807 -0.822856 1.19857 0.070175 0.00517126 1.28176
0.436516 -0.939467 1.43463 0.0710225 0.0053135 1.22872
0.363078 -1.04626 1.48649 0.0715828 0.00539914 1.17594
0.301995 -1.13754 1.44827 0.0702775 0.00521174 1.12749
0.251189 -1.21165 1.43557 0.0691263 0.00504798 1.08662
0.20893 -1.27099 1.412 0.0678008 0.00486048 1.05359
0.17378 -1.31894 1.33854 0.0659285 0.00459415 1.02706
0.144544 -1.35786 1.38003 0.0654501 0.00452499 1.00694
0.120226 -1.38854 1.28025 0.0541323 0.00306425 0.992673
0.1 -1.41187 1.15548 0.075576 0.00593192 0.983403
0.0831764 -1.43227 1.0708 0.0589387 0.00359032 0.977347
0.0691831 -1.44748 1.07949 0.0685997 0.00476691 0.974466
0.057544 -1.45961 1.08059 0.0687002 0.00476941 0.973192
0.047863 -1.46968 1.02594 0.0687469 0.00476885 0.973085
0.0398107 -1.47794 1.01521 0.0687066 0.00475443 0.973776
0.0331131 -1.48479 1.02852 0.0689451 0.0047813 0.97485
0.0275423 -1.49047 1.05423 0.0688347 0.00476084 0.976226
0.0229087 -1.49517 0.99537 0.0688146 0.00475557 0.977592
0.0190546 -1.49909 1.02971 0.0688262 0.0047527 0.978912
0.0158489 -1.50232 0.996873 0.0688154 0.00474895 0.980156
0.0131826 -1.50501 1.00173 0.0688702 0.00475473 0.981236
0.0109648 -1.50725 1.02717 0.0690247 0.00477362 0.982173
0.00912011 -1.5091 1.00182 0.0689379 0.00475996 0.982979
0.00758578 -1.51063 1.00713 0.0689954 0.0047667 0.983678
0.00630957 -1.51192 1.04078 0.0688975 0.0047518 0.984249
0.00524807 -1.51298 0.979913 0.0691085 0.00478034 0.984753
0.00436516 -1.51386 0.978575 0.0690524 0.00477181 0.985167
0.00363078 -1.51459 1.00321 0.0690963 0.0047773 0.985513
0.00301995 -1.51521 0.97102 0.0690766 0.00477413 0.985802
0.00251189 -1.51571 0.985059 0.0691177 0.00477927 0.986056
0.0020893 -1.51614 0.991674 0.0691113 0.00477812 0.986262
0.0017378 -1.51649 1.0098 0.0690789 0.00477334 0.986426
0.00144544 -1.51678 1.00386 0.0690989 0.00477584 0.98657
0.00120226 -1.51702 1.00768 0.069118 0.0047783 0.986692
