10 -0.0440745 0.00444907 0.0432948 0.00195303 1.49927
8.31764 -0.0534712 0.00668727 0.0431812 0.00194781 1.49842
6.91831 -0.0643784 0.00909335 0.0432864 0.0019518 1.4985
5.7544 -0.0772008 0.0132805 0.0431614 0.00194138 1.49736
4.7863 -0.0932108 0.0191701 0.0431907 0.00194531 1.49658
3.98107 -0.112049 0.027034 0.0432394 0.00194954 1.49492
3.31131 -0.134591 0.0407978 0.0430671 0.00193257 1.49238
2.75423 -0.161941 0.0570455 0.0432378 0.00194858 1.48898
2.29087 -0.195522 0.0846858 0.0433376 0.00195872 1.48414
1.90546 -0.235107 0.130364 0.0432491 0.00195204 1.4776
1.58489 -0.283309 0.183321 0.0434181 0.00196241 1.46805
1.31826 -0.342012 0.259549 0.0434087 0.00196947 1.45393
1.09648 -0.412285 0.386236 0.0435696 0.00198116 1.43514
0.912011 -0.495593 0.542443 0.0440312 0.00202598 1.40929
0.758578 -0.594158 0.751214 0.044275 0.00204917 1.37514
0.630957 -0.704018 1.00843 0.0449126 0.00210883 1.3329
0.524807 -0.822702 1.234 0.0456779 0.00218356 1.28244
0.436516 -0.939671 1.4429 0.0462526 0.0022503 1.22845
0.363078 -1.04672 1.53596 0.0465534 0.00228078 1.17559
0.301995 -1.13735 1.44976 0.0460153 0.00222809 1.12765
0.251189 -1.21116 1.45036 0.0452459 0.00216108 1.08718
0.20893 -1.27066 1.3668 0.0434405 0.0019904 1.05351
0.17378 -1.31871 1.37315 0.0419574 0.00185893 1.02723
0.144544 -1.35785 1.36088 0.042514 0.00190808 1.00703
0.120226 -1.39018 1.16932 0.0383925 0.00153144 0.992208
0.1 -1.41416 1.08895 0.0402659 0.00166245 0.982854
0.0831764 -1.4325 1.08025 0.0405733 0.00168035 0.977241
0.0691831 -1.44746 1.04693 0.0415922 0.0017519 0.974048
0.057544 -1.45967 1.06916 0.0414466 0.00173607 0.972771
0.047863 -1.4697 1.07595 0.0413699 0.00172725 0.97265
0.0398107 -1.47803 1.02351 0.0413526 0.0017228 0.973301
0.0331131 -1.48487 1.00786 0.0412595 0.00171253 0.974401
0.0275423 -1.49054 1.00631 0.0414584 0.00172776 0.975705
0.0229087 -1.49527 1.01778 0.0413605 0.00171782 0.977111
0.0190546 -1.49917 0.991201 0.0413023 0.00171194 0.978443
0.0158489 -1.50241 1.00259 0.0412631 0.00170775 0.979662
0.0131826 -1.5051 0.964666 0.0412616 0.0017066 0.980769
0.0109648 -1.50733 1.00847 0.0412712 0.00170671 0.981737
0.00912011 -1.50919 0.985763 0.0412717 0.00170618 0.982566
0.00758578 -1.51073 1.01154 0.0412603 0.00170479 0.983274
0.00630957 -1.51201 1.03482 0.0412422 0.00170291 0.983872
0.00524807 -1.51308 0.998519 0.041245 0.00170279 0.984379
0.00436516 -1.51396 1.00028 0.0412342 0.00170159 0.984811
0.00363078 -1.5147 0.975613 0.0412095 0.00169938 0.985169
0.00301995 -1.51531 0.985074 0.0412477 0.00170228 0.985462
0.00251189 -1.51582 0.962888 0.0412312 0.00170079 0.985714
0.0020893 -1.51624 1.06352 0.0412686 0.00170375 0.985924
0.0017378 -1.51659 1.01006 0.0412321 0.00170063 0.986094
0.00144544 -1.51688 0.999097 0.0412211 0.00169962 0.986242
0.00120226 -1.51713 0.983101 0.0412342 0.00170065 0.986364
