10 -0.0445739 0.00436581 0.0433417 0.00195846 1.49892
8.31764 -0.05342 0.00646105 0.0433551 0.00195834 1.49894
6.91831 -0.0642677 0.00920474 0.0434239 0.00196704 1.49823
5.7544 -0.077411 0.0130837 0.0431686 0.00194276 1.49742
4.7863 -0.0927903 0.0197269 0.0432918 0.00195216 1.49655
3.98107 -0.111423 0.0281641 0.0433325 0.00195562 1.49464
3.31131 -0.134834 0.0403972 0.0433553 0.00195974 1.49257
2.75423 -0.162011 0.05939 0.0434569 0.00196778 1.48909
2.29087 -0.195 0.0852534 0.0433771 0.00196109 1.48445
1.90546 -0.23493 0.129624 0.0434494 0.00196636 1.47745
1.58489 -0.283363 0.181481 0.0433985 0.00196463 1.46793
1.31826 -0.341895 0.271417 0.0433872 0.00196322 1.454
1.09648 -0.412073 0.369458 0.0436541 0.00198844 1.4349
0.912011 -0.49548 0.552138 0.0440188 0.00202353 1.40923
0.758578 -0.593821 0.737325 0.0441938 0.00204634 1.37545
0.630957 -0.704284 0.983324 0.0447698 0.00209991 1.33286
0.524807 -0.822563 1.21198 0.045715 0.00219275 1.28256
0.436516 -0.939665 1.41675 0.0460953 0.00223433 1.22853
0.363078 -1.04651 1.51127 0.046459 0.00226987 1.17556
0.301995 -1.13748 1.51151 0.0455891 0.00219009 1.12771
0.251189 -1.21122 1.41818 0.044829 0.00212515 1.08706
0.20893 -1.2706 1.37222 0.0436505 0.00200733 1.05359
0.17378 -1.31877 1.35932 0.0428151 0.00194052 1.02706
0.144544 -1.35811 1.35119 0.0417396 0.00184556 1.00678
0.120226 -1.38954 1.30078 0.0414894 0.00179915 0.992496
0.1 -1.41393 1.14641 0.0398497 0.00163152 0.982993
0.0831764 -1.43271 1.07475 0.0443081 0.00199135 0.977372
0.0691831 -1.44779 1.02782 0.0448801 0.00203667 0.974377
0.057544 -1.46003 1.07043 0.0449238 0.0020368 0.973139
0.047863 -1.47005 1.03845 0.0450302 0.00204269 0.973048
0.0398107 -1.47834 1.03757 0.0447884 0.00201887 0.973735
0.0331131 -1.48519 1.04585 0.0449407 0.00203015 0.974915
0.0275423 -1.49089 1.0281 0.045141 0.00204657 0.976278
0.0229087 -1.49559 1.01151 0.0449427 0.00202703 0.977662
0.0190546 -1.49949 1.01107 0.0449925 0.00203012 0.979018
0.0158489 -1.50274 0.991992 0.0451042 0.00203944 0.98025
0.0131826 -1.50543 1.04252 0.0450396 0.00203273 0.981351
0.0109648 -1.50766 1.03162 0.0450116 0.00202928 0.982319
0.00912011 -1.50951 1.01856 0.0450936 0.00203613 0.983148
0.00758578 -1.51106 1.02665 0.0450505 0.00203175 0.983853
0.00630957 -1.51234 1.00569 0.0450691 0.00203314 0.984452
0.00524807 -1.5134 0.979076 0.0450272 0.00202909 0.984942
0.00436516 -1.51429 1.00541 0.0451034 0.0020356 0.985366
0.00363078 -1.51502 0.988471 0.0451272 0.00203755 0.985722
0.00301995 -1.51563 1.03907 0.0451003 0.00203496 0.986018
0.00251189 -1.51614 0.971454 0.0451288 0.0020374 0.986262
0.0020893 -1.51656 1.00472 0.0451174 0.0020362 0.986472
0.0017378 -1.51692 1.00841 0.0451059 0.00203509 0.986639
0.00144544 -1.51721 1.00437 0.0450981 0.00203428 0.986785
0.00120226 -1.51745 1.00126 0.0451158 0.0020358 0.986904
