10 -0.0443111 0.00446356 0.0430894 0.00193715 1.49907
8.31764 -0.053449 0.00657605 0.0432609 0.0019484 1.49893
6.91831 -0.0643566 0.00939155 0.0434058 0.00196341 1.49834
5.7544 -0.0771689 0.0133999 0.0433637 0.00195904 1.49746
4.7863 -0.0931864 0.0191645 0.0432847 0.00195595 1.4966
3.98107 -0.112161 0.0281372 0.0430809 0.00193579 1.49463
3.31131 -0.134671 0.0408947 0.0432602 0.00195179 1.49229
2.75423 -0.162099 0.0574953 0.0431812 0.0019449 1.48937
2.29087 -0.195288 0.0841581 0.0433156 0.00195709 1.48396
1.90546 -0.235029 0.127044 0.0434607 0.00196886 1.47774
1.58489 -0.283256 0.183883 0.043466 0.00196937 1.46784
1.31826 -0.34202 0.256023 0.0432627 0.00195187 1.45398
1.09648 -0.412023 0.393293 0.0437924 0.00200144 1.43511
0.912011 -0.495838 0.549995 0.043823 0.00200416 1.40907
0.758578 -0.593996 0.769755 0.0442831 0.00205009 1.37521
0.630957 -0.704541 1.00286 0.0449613 0.0021156 1.33242
0.524807 -0.822395 1.24721 0.0462107 0.00223836 1.28254
0.436516 -0.939588 1.40581 0.0464622 0.00227065 1.22894
0.363078 -1.04642 1.49445 0.0463394 0.00226332 1.17571
0.301995 -1.13744 1.50469 0.0460124 0.0022293 1.12782
0.251189 -1.2111 1.48223 0.0446168 0.00210408 1.08706
0.20893 -1.27077 1.40311 0.0437879 0.00202024 1.05371
0.17378 -1.31877 1.42183 0.0430604 0.00195875 1.02718
0.144544 -1.3578 1.29349 0.0416139 0.00182672 1.00697
0.120226 -1.38987 1.1643 0.0430847 0.00194077 0.992359
0.1 -1.4154 1.13819 0.0349951 0.00126071 0.982579
0.0831764 -1.43358 1.10056 0.0353468 0.00127721 0.977295
0.0691831 -1.44825 1.05846 0.0337245 0.00116067 0.974266
0.057544 -1.46045 1.02778 0.0335878 0.00114743 0.973
0.047863 -1.47049 1.00781 0.0332892 0.00112333 0.972999
0.0398107 -1.47878 1.00286 0.0331075 0.00110972 0.973795
0.0331131 -1.48563 1.01013 0.0331664 0.00111081 0.974951
0.0275423 -1.49133 0.985883 0.032935 0.00109395 0.976355
0.0229087 -1.49602 1.03472 0.0330256 0.00109826 0.977794
0.0190546 -1.49993 1.00155 0.0329221 0.00109016 0.979188
0.0158489 -1.50316 1.02231 0.0329486 0.00109086 0.98044
0.0131826 -1.50586 0.972326 0.0328336 0.00108238 0.981538
0.0109648 -1.50809 0.975848 0.0327831 0.00107849 0.982516
0.00912011 -1.50995 1.0142 0.0328663 0.00108327 0.983364
0.00758578 -1.51149 0.991603 0.0327983 0.00107832 0.98406
0.00630957 -1.51277 1.00681 0.0328002 0.00107796 0.984662
0.00524807 -1.51383 0.99094 0.032826 0.00107932 0.985173
0.00436516 -1.51472 1.01646 0.0327766 0.0010758 0.985588
0.00363078 -1.51546 1.0169 0.032757 0.00107422 0.985949
0.00301995 -1.51607 0.998766 0.0327767 0.00107531 0.986243
0.00251189 -1.51658 1.00655 0.0327644 0.00107434 0.986494
0.0020893 -1.517 1.0017 0.0327576 0.00107374 0.986708
0.0017378 -1.51735 1.00665 0.0327445 0.00107277 0.986882
0.00144544 -1.51764 1.02478 0.032746 0.00107279 0.987019
0.00120226 -1.51789 1.04664 0.0327164 0.00107077 0.987148
