10 -0.0443593 0.00449886 0.066709 0.00464259 1.49955
8.31764 -0.053166 0.00637294 0.0668493 0.00465728 1.49916
6.91831 -0.0644687 0.00907296 0.0665453 0.00461421 1.4981
5.7544 -0.0768588 0.0140865 0.0664425 0.00460486 1.49723
4.7863 -0.0930097 0.0197303 0.0668828 0.00466183 1.49637
3.98107 -0.111963 0.027989 0.0664179 0.00459731 1.49472
3.31131 -0.134215 0.0406987 0.0664568 0.00460812 1.49289
2.75423 -0.162288 0.0595738 0.0668615 0.00466137 1.48908
2.29087 -0.195021 0.0865432 0.0666419 0.00462869 1.48422
1.90546 -0.235507 0.124394 0.0668871 0.0046606 1.4767
1.58489 -0.283464 0.182922 0.0667327 0.00463998 1.46797
1.31826 -0.341857 0.256987 0.0669942 0.00467512 1.45446
1.09648 -0.411962 0.392984 0.066822 0.00466757 1.43507
0.912011 -0.496395 0.525759 0.0675854 0.00477264 1.4089
0.758578 -0.594319 0.736123 0.0684303 0.00490603 1.37496
0.630957 -0.703711 0.998749 0.0692022 0.00501716 1.33285
0.524807 -0.822444 1.21524 0.0707868 0.00526361 1.28194
0.436516 -0.93945 1.43645 0.0711111 0.00531728 1.22856
0.363078 -1.0464 1.47588 0.0716793 0.00541252 1.17526
0.301995 -1.13697 1.51463 0.0709993 0.00531685 1.12818
0.251189 -1.21115 1.39426 0.0691836 0.00505636 1.08715
0.20893 -1.27036 1.34147 0.0673373 0.00478311 1.05387
0.17378 -1.31865 1.40125 0.0649629 0.00445324 1.02728
0.144544 -1.35815 1.31051 0.0642874 0.0043511 1.00685
0.120226 -1.3896 1.19181 0.0839489 0.00734438 0.992672
0.1 -1.41352 1.07336 0.0825951 0.00694876 0.982969
0.0831764 -1.4331 1.0403 0.0762764 0.00587632 0.976944
0.0691831 -1.4479 1.05113 0.0760503 0.0058306 0.973888
0.057544 -1.46007 1.04731 0.0766894 0.00592111 0.972623
0.047863 -1.47014 1.03465 0.0768824 0.00594248 0.97259
0.0398107 -1.47843 1.04184 0.0772932 0.00599983 0.973351
0.0331131 -1.48526 1.02193 0.07731 0.00599851 0.974557
0.0275423 -1.49099 1.01341 0.0776157 0.00604153 0.975924
0.0229087 -1.49568 1.00305 0.0776316 0.00604123 0.977349
0.0190546 -1.49955 1.04328 0.0777411 0.00605543 0.978692
0.0158489 -1.5028 0.982437 0.0779422 0.00608508 0.97996
0.0131826 -1.50551 0.971444 0.0779302 0.00608157 0.981049
0.0109648 -1.50773 0.998286 0.0779314 0.00608037 0.982011
0.00912011 -1.50959 0.972586 0.0779465 0.00608147 0.982839
0.00758578 -1.51112 1.03057 0.0779669 0.00608373 0.98353
0.00630957 -1.5124 1.01844 0.0779373 0.00607822 0.984116
0.00524807 -1.51347 1.01686 0.0779378 0.00607755 0.984615
0.00436516 -1.51435 0.996682 0.077984 0.00608435 0.985038
0.00363078 -1.51508 1.0034 0.0780031 0.00608686 0.985384
0.00301995 -1.5157 1.01148 0.0780087 0.00608721 0.985676
0.00251189 -1.51621 1.00143 0.0779899 0.00608404 0.985929
0.0020893 -1.51663 0.983161 0.0780175 0.00608807 0.986141
0.0017378 -1.51698 0.991649 0.0779887 0.00608339 0.986307
0.00144544 -1.51727 1.00139 0.0780383 0.00609091 0.986452
0.00120226 -1.51751 1.00474 0.0780292 0.00608934 0.986572
