10 -0.0446705 0.00436378 0.0431753 0.0019447 1.49915
8.31764 -0.0535784 0.00628529 0.0431617 0.00194173 1.49883
6.91831 -0.064315 0.00949561 0.0432838 0.00195241 1.49799
5.7544 -0.0772626 0.0133941 0.0432427 0.00195117 1.4974
4.7863 -0.0928954 0.0195014 0.0432174 0.00194777 1.49592
3.98107 -0.112043 0.0284866 0.0431677 0.00194172 1.49481
3.31131 -0.135114 0.0400617 0.0434159 0.00196231 1.49259
2.75423 -0.162355 0.0583939 0.0434467 0.00196768 1.48849
2.29087 -0.195168 0.0838722 0.0431909 0.00194366 1.48421
1.90546 -0.235073 0.12315 0.0432955 0.00195351 1.47783
1.58489 -0.283219 0.185579 0.0433488 0.00195899 1.46818
1.31826 -0.341964 0.258814 0.0434622 0.00196925 1.45429
1.09648 -0.412397 0.387239 0.043667 0.00199169 1.43525
0.912011 -0.495865 0.545541 0.0436506 0.00199251 1.40951
0.758578 -0.594095 0.778378 0.0444777 0.00206696 1.37532
0.630957 -0.704383 0.95793 0.0449209 0.00211593 1.33272
0.524807 -0.822225 1.26533 0.0455284 0.00217512 1.28292
0.436516 -0.939708 1.43183 0.046304 0.00225604 1.2286
0.363078 -1.04652 1.49102 0.0465798 0.0022884 1.1756
0.301995 -1.13747 1.47007 0.0458207 0.00221145 1.12761
0.251189 -1.2112 1.42552 0.0452504 0.00216186 1.08689
0.20893 -1.27072 1.4226 0.0432926 0.00197944 1.05341
0.17378 -1.31881 1.3449 0.042076 0.00186737 1.02722
0.144544 -1.35838 1.36036 0.0409212 0.00175954 1.00673
0.120226 -1.38909 1.22672 0.0400159 0.00167717 0.992494
0.1 -1.41346 1.12508 0.0331398 0.00114658 0.98314
0.0831764 -1.43285 1.08993 0.0440256 0.00198032 0.97742
0.0691831 -1.44847 1.05032 0.0435489 0.00192162 0.974584
0.057544 -1.46067 1.0459 0.0431333 0.00188072 0.973404
0.047863 -1.47074 1.01297 0.0429465 0.00186066 0.973437
0.0398107 -1.47903 1.0202 0.0427858 0.00184449 0.974351
0.0331131 -1.4859 1.04526 0.0422304 0.00179496 0.975616
0.0275423 -1.49158 1.02871 0.0424138 0.00180824 0.977077
0.0229087 -1.49629 1.02304 0.0421519 0.00178463 0.978539
0.0190546 -1.5002 1.02141 0.0421664 0.00178482 0.979942
0.0158489 -1.50344 0.979568 0.0419936 0.00176885 0.981212
0.0131826 -1.50612 0.997863 0.0422007 0.00178531 0.982357
0.0109648 -1.50836 0.941901 0.0423784 0.00179964 0.983333
0.00912011 -1.51022 0.987752 0.0417862 0.00174945 0.984173
0.00758578 -1.51176 0.970267 0.042254 0.00178806 0.984879
0.00630957 -1.51304 0.976755 0.0423324 0.00179421 0.985484
0.00524807 -1.5141 1.02169 0.0422463 0.00178653 0.985999
0.00436516 -1.51498 1.01562 0.0422361 0.00178543 0.986425
0.00363078 -1.51572 0.99603 0.0422023 0.0017823 0.986779
0.00301995 -1.51633 0.996674 0.0420587 0.00176995 0.987068
0.00251189 -1.51684 0.996557 0.0421013 0.0017734 0.987321
0.0020893 -1.51726 0.974997 0.0420505 0.00176899 0.987528
0.0017378 -1.51762 0.96558 0.0421113 0.00177399 0.987706
0.00144544 -1.51791 1.02584 0.0420735 0.00177068 0.987846
0.00120226 -1.51815 1.00653 0.0420634 0.00176973 0.987965
