10 -0.0440471 0.00443607 0.0665492 0.0046227 1.49919
8.31764 -0.0533417 0.00652332 0.0664912 0.00460463 1.49884
6.91831 -0.0641482 0.00930216 0.0664134 0.00459384 1.49837
5.7544 -0.0774816 0.013753 0.0665335 0.00461808 1.49694
4.7863 -0.0929316 0.0191942 0.0664902 0.00461073 1.49619
3.98107 -0.111814 0.0287505 0.0663888 0.00459337 1.49496
3.31131 -0.134813 0.0415513 0.0668096 0.00465726 1.49223
2.75423 -0.162507 0.0591148 0.0669778 0.00467366 1.48909
2.29087 -0.195042 0.0900792 0.0666477 0.00463033 1.48422
1.90546 -0.235005 0.1171 0.0668284 0.00465408 1.47753
1.58489 -0.283267 0.181397 0.066911 0.00466352 1.46773
1.31826 -0.34205 0.25837 0.0672973 0.00472279 1.45355
1.09648 -0.412912 0.3737 0.0672104 0.00470973 1.43515
0.912011 -0.495676 0.528143 0.0675859 0.00476778 1.40923
0.758578 -0.594146 0.746305 0.0684008 0.00489628 1.37543
0.630957 -0.704377 1.00508 0.0691547 0.00501802 1.3324
0.524807 -0.822885 1.24149 0.0701082 0.00516676 1.28256
0.436516 -0.93911 1.37965 0.0713623 0.00535254 1.22891
0.363078 -1.04648 1.49738 0.0713519 0.00536639 1.1761
0.301995 -1.13751 1.44921 0.0700458 0.00517703 1.12774
0.251189 -1.21131 1.42311 0.0688792 0.00501502 1.08698
0.20893 -1.27041 1.39295 0.067891 0.0048627 1.0538
0.17378 -1.31884 1.32839 0.0653908 0.00452283 1.02713
0.144544 -1.35722 1.32707 0.0631634 0.00420548 1.00733
0.120226 -1.38919 1.19753 0.0577773 0.00352312 0.992537
0.1 -1.41326 1.19618 0.0558828 0.00324853 0.98336
0.0831764 -1.43276 1.02769 0.0424593 0.00186033 0.977438
0.0691831 -1.44753 1.07747 0.0478281 0.0023396 0.974642
0.057544 -1.45972 1.0392 0.0473688 0.00228335 0.973587
0.047863 -1.46976 1.02069 0.0477264 0.00231806 0.973413
0.0398107 -1.47805 1.02683 0.0469515 0.00223438 0.974215
0.0331131 -1.4849 1.01918 0.0462504 0.00216178 0.975403
0.0275423 -1.49055 0.980574 0.0467227 0.00220515 0.976758
0.0229087 -1.49528 1.05785 0.0462433 0.00215435 0.978194
0.0190546 -1.49917 1.00354 0.0459826 0.00212793 0.97957
0.0158489 -1.50241 0.989688 0.0460701 0.00213415 0.980818
0.0131826 -1.50509 1.03717 0.045742 0.00210179 0.98196
0.0109648 -1.50734 0.990238 0.0456824 0.00209498 0.982935
0.00912011 -1.50919 1.00453 0.0457234 0.00209715 0.983765
0.00758578 -1.51073 0.9221 0.0455623 0.00208125 0.984493
0.00630957 -1.51201 0.963079 0.0455696 0.00208116 0.985114
0.00524807 -1.51307 0.998908 0.0455119 0.00207489 0.985607
0.00436516 -1.51395 1.00927 0.0455524 0.00207811 0.986054
0.00363078 -1.51469 1.04628 0.0454591 0.00206911 0.986412
0.00301995 -1.5153 1.01161 0.0454026 0.0020635 0.986726
0.00251189 -1.51581 1.00055 0.0454245 0.00206516 0.986978
0.0020893 -1.51623 0.981113 0.0453862 0.00206134 0.987192
0.0017378 -1.51658 0.978515 0.0454117 0.00206343 0.987379
0.00144544 -1.51687 1.0038 0.0454827 0.00206971 0.987527
0.00120226 -1.51712 0.998952 0.0453925 0.00206135 0.987649
