10 -0.044306 0.0044872 0.066995 0.00467542 1.49918
8.31764 -0.05392 0.00637384 0.0664493 0.00460574 1.49842
6.91831 -0.0641032 0.00947108 0.0665921 0.00461966 1.49796
5.7544 -0.0779058 0.0133292 0.0668706 0.00466361 1.49774
4.7863 -0.0932338 0.0190498 0.0668082 0.00464597 1.49641
3.98107 -0.111827 0.0286768 0.0668571 0.00466196 1.49472
3.31131 -0.134756 0.0420027 0.0662496 0.00457335 1.49228
2.75423 -0.162033 0.0595836 0.0665638 0.00461813 1.48923
2.29087 -0.194858 0.0881973 0.0665282 0.00461196 1.48449
1.90546 -0.235451 0.121303 0.0664497 0.00460826 1.47776
1.58489 -0.28367 0.177821 0.066987 0.00467864 1.4676
1.31826 -0.34157 0.261235 0.0667845 0.0046476 1.4547
1.09648 -0.412426 0.381486 0.0672614 0.00472174 1.43487
0.912011 -0.495937 0.544381 0.0676661 0.00479005 1.4094
0.758578 -0.593748 0.758824 0.068413 0.00489068 1.37553
0.630957 -0.704892 1.00127 0.0688685 0.00497362 1.3326
0.524807 -0.822179 1.24864 0.0705498 0.00523197 1.2829
0.436516 -0.939759 1.43894 0.0711662 0.00533001 1.22832
0.363078 -1.04648 1.48163 0.0710774 0.00532193 1.17602
0.301995 -1.13741 1.55891 0.0707354 0.00528574 1.12773
0.251189 -1.21128 1.46892 0.0692329 0.00504437 1.08679
0.20893 -1.27063 1.35844 0.0681971 0.00491953 1.05368
0.17378 -1.31877 1.38588 0.0647182 0.00441305 1.02731
0.144544 -1.35881 1.41993 0.066161 0.00464172 1.00666
0.120226 -1.38924 1.12524 0.0613289 0.00399722 0.992601
0.1 -1.413 1.09391 0.0550292 0.00310994 0.98325
0.0831764 -1.4311 1.01957 0.054642 0.00305158 0.97748
0.0691831 -1.446 1.04989 0.0543357 0.00300621 0.974407
0.057544 -1.45808 1.02197 0.0541701 0.00298076 0.972968
0.047863 -1.46811 1.02949 0.0538728 0.00294113 0.972741
0.0398107 -1.47645 1.01688 0.0538035 0.00292707 0.973269
0.0331131 -1.48328 0.991023 0.0536309 0.00290319 0.974276
0.0275423 -1.48894 1.04009 0.0534305 0.00287741 0.975511
0.0229087 -1.49366 0.987488 0.0531569 0.00284476 0.976879
0.0190546 -1.49756 1.00121 0.0531817 0.00284431 0.978194
0.0158489 -1.50079 1.04161 0.0531274 0.00283518 0.979356
0.0131826 -1.50348 0.990575 0.0532496 0.00284623 0.98047
0.0109648 -1.50571 0.970532 0.053188 0.00283857 0.981433
0.00912011 -1.50757 0.997965 0.0529777 0.00281431 0.982268
0.00758578 -1.5091 1.00928 0.0529839 0.00281361 0.98298
0.00630957 -1.51038 1.00998 0.0530492 0.00281957 0.983578
0.00524807 -1.51145 1.00097 0.052982 0.00281158 0.984083
0.00436516 -1.51233 1.03187 0.0530195 0.00281458 0.984521
0.00363078 -1.51306 0.981738 0.0529659 0.00280849 0.984872
0.00301995 -1.51368 1.00747 0.0530283 0.00281452 0.985178
0.00251189 -1.51418 0.986402 0.0530143 0.00281259 0.985434
0.0020893 -1.51461 0.980939 0.053011 0.00281187 0.985632
0.0017378 -1.51496 1.01894 0.0529753 0.00280784 0.985808
0.00144544 -1.51525 0.97465 0.0529948 0.00280966 0.985957
0.00120226 -1.51549 1.00128 0.0529986 0.0028099 0.986066
