10 -0.0444483 0.00444456 0.0433288 0.00195621 1.49928
8.31764 -0.0534553 0.00629083 0.0433592 0.00195903 1.49884
6.91831 -0.0640542 0.00965608 0.0431894 0.0019438 1.49823
5.7544 -0.0778093 0.0133877 0.0433623 0.00196111 1.49729
4.7863 -0.0933634 0.0190597 0.0433651 0.00196081 1.49622
3.98107 -0.111768 0.02742 0.0432313 0.00194821 1.49518
3.31131 -0.134692 0.0411772 0.0431993 0.00194249 1.49241
2.75423 -0.162084 0.0594938 0.0433349 0.00195669 1.48909
2.29087 -0.195118 0.0886629 0.0431689 0.00194181 1.4842
1.90546 -0.234728 0.1215 0.0434415 0.00196648 1.47768
1.58489 -0.283064 0.182481 0.0433497 0.00196036 1.46806
1.31826 -0.342081 0.271618 0.0436129 0.00198195 1.45448
1.09648 -0.412466 0.378443 0.0435127 0.00197848 1.43507
0.912011 -0.49603 0.528981 0.0438747 0.00200892 1.40922
0.758578 -0.594037 0.72086 0.0441886 0.00204134 1.37539
0.630957 -0.704732 0.988392 0.0449505 0.00211665 1.33254
0.524807 -0.822444 1.24803 0.0459018 0.00221058 1.28285
0.436516 -0.939848 1.37433 0.0461813 0.0022425 1.22839
0.363078 -1.04667 1.51202 0.0465056 0.0022753 1.17586
0.301995 -1.13733 1.49067 0.0458089 0.00221029 1.12757
0.251189 -1.2112 1.4445 0.0445571 0.00209933 1.087
0.20893 -1.27051 1.40878 0.0438143 0.00202453 1.05369
0.17378 -1.31876 1.33106 0.041976 0.00186553 1.02715
0.144544 -1.35789 1.37906 0.0402138 0.00170814 1.00716
0.120226 -1.39017 1.17918 0.0354927 0.00133603 0.992243
0.1 -1.41426 1.08764 0.0378838 0.00147894 0.982941
0.0831764 -1.43237 1.09181 0.0302326 0.000944477 0.977429
0.0691831 -1.44727 1.02817 0.0293994 0.00088618 0.974409
0.057544 -1.45962 1.03872 0.024705 0.000627448 0.972901
0.047863 -1.46964 1.0871 0.025013 0.000640583 0.972758
0.0398107 -1.47795 0.995762 0.024791 0.000627664 0.973396
0.0331131 -1.4848 0.998155 0.0234448 0.000560016 0.974562
0.0275423 -1.49047 0.997806 0.0245017 0.000610115 0.975792
0.0229087 -1.49517 1.02418 0.0252002 0.000642584 0.977018
0.0190546 -1.49907 1.00635 0.0249968 0.000631074 0.978328
0.0158489 -1.50232 0.998732 0.024896 0.00062501 0.979528
0.0131826 -1.505 1.0187 0.0247902 0.000619032 0.98061
0.0109648 -1.50724 1.04912 0.0247782 0.000617499 0.981546
0.00912011 -1.5091 0.990464 0.0246681 0.000611457 0.982337
0.00758578 -1.51064 1.02584 0.0246114 0.000608179 0.983035
0.00630957 -1.51192 1.01067 0.0245125 0.000602901 0.983605
0.00524807 -1.51298 0.983307 0.0244865 0.000601338 0.984104
0.00436516 -1.51386 0.976323 0.0244821 0.000600881 0.984511
0.00363078 -1.5146 1.00567 0.0244131 0.000597224 0.984864
0.00301995 -1.51521 0.970771 0.0244523 0.000598895 0.985157
0.00251189 -1.51572 1.01201 0.0243822 0.000595325 0.9854
0.0020893 -1.51615 1.04155 0.0243888 0.000595504 0.985607
0.0017378 -1.5165 0.974069 0.024362 0.000594086 0.985774
0.00144544 -1.51679 1.02088 0.0243521 0.000593497 0.985917
0.00120226 -1.51703 0.999624 0.0243507 0.00059335 0.986037
