10 -0.0444144 0.0044366 0.0664974 0.00461379 1.49881
8.31764 -0.0530656 0.00633357 0.0664232 0.00460255 1.49866
6.91831 -0.0639098 0.00929289 0.0666806 0.00463626 1.49853
5.7544 -0.0767553 0.01356 0.0669872 0.00467846 1.49773
4.7863 -0.0931074 0.0196927 0.0666367 0.00463128 1.49599
3.98107 -0.111738 0.0276313 0.0664386 0.00459907 1.49487
3.31131 -0.13443 0.0419769 0.0662974 0.00457894 1.49228
2.75423 -0.161617 0.0610639 0.0670098 0.00467839 1.48883
2.29087 -0.194813 0.0875296 0.066919 0.00466957 1.48524
1.90546 -0.23536 0.123852 0.0663656 0.00459761 1.47733
1.58489 -0.283817 0.18457 0.0666121 0.00463008 1.4679
1.31826 -0.342318 0.258992 0.0667032 0.00463877 1.45429
1.09648 -0.412065 0.387327 0.0671642 0.00470555 1.43514
0.912011 -0.496222 0.552469 0.0675244 0.00476358 1.40965
0.758578 -0.59397 0.762613 0.0686994 0.00494002 1.37536
0.630957 -0.704617 0.986657 0.0693775 0.00504503 1.33256
0.524807 -0.822623 1.22819 0.0702528 0.00517801 1.28251
0.436516 -0.939953 1.37045 0.0713258 0.00535432 1.2288
0.363078 -1.04614 1.47506 0.0713878 0.00537786 1.17567
0.301995 -1.1373 1.45397 0.0708065 0.00529618 1.1276
0.251189 -1.21126 1.48689 0.0691876 0.00505393 1.08681
0.20893 -1.27083 1.3437 0.068266 0.00493447 1.05338
0.17378 -1.31886 1.36229 0.0658702 0.00458349 1.02722
0.144544 -1.35777 1.313 0.0647405 0.00441817 1.00706
0.120226 -1.39173 1.26414 0.0654458 0.00442984 0.991541
0.1 -1.41581 1.12249 0.0622247 0.00396361 0.982765
0.0831764 -1.43416 1.06778 0.0659614 0.00444148 0.977364
0.0691831 -1.44887 1.05507 0.0653515 0.00434578 0.974591
0.057544 -1.46101 1.03695 0.0653462 0.00433115 0.973509
0.047863 -1.47107 1.01392 0.0655334 0.00434718 0.973562
0.0398107 -1.4794 1.02252 0.0653056 0.00430719 0.974402
0.0331131 -1.48621 1.04636 0.0650975 0.00427567 0.975697
0.0275423 -1.49188 1.0252 0.0648422 0.00423569 0.977184
0.0229087 -1.49659 1.03488 0.0652108 0.00428085 0.978628
0.0190546 -1.50049 1.00607 0.0654513 0.00430753 0.980069
0.0158489 -1.50371 0.988896 0.0648629 0.0042274 0.981375
0.0131826 -1.50641 0.982755 0.065201 0.00426877 0.982543
0.0109648 -1.50863 1.03571 0.066211 0.00440076 0.983516
0.00912011 -1.51049 0.994515 0.0653506 0.0042843 0.984398
0.00758578 -1.51202 0.999784 0.0660105 0.00437093 0.985117
0.00630957 -1.5133 1.02812 0.0648935 0.00422267 0.985759
0.00524807 -1.51437 0.995934 0.0661921 0.00439179 0.986269
0.00436516 -1.51524 1.01035 0.0647774 0.00420484 0.986725
0.00363078 -1.51598 1.00824 0.066457 0.00442582 0.987065
0.00301995 -1.5166 1.05233 0.0663237 0.00440825 0.987374
0.00251189 -1.5171 0.967032 0.0679246 0.00461853 0.987604
0.0020893 -1.51753 1.01404 0.0652775 0.00426969 0.987872
0.0017378 -1.51788 1.01015 0.0684334 0.00468524 0.987974
0.00144544 -1.51817 0.986951 0.0684561 0.004688 0.988118
0.00120226 -1.51841 0.983945 0.0685762 0.00470404 0.988234
