0.00120226 -1.5384 0.99705 0.99569 0.9914 0.999402
0.00144544 -1.53816 1.01825 0.99529 0.990603 0.999281
0.0017378 -1.53787 0.992911 0.994495 0.989021 0.999135
0.0020893 -1.53752 0.982622 0.994035 0.988107 0.99896
0.00251189 -1.53709 0.970652 0.993148 0.986345 0.99875
0.00301995 -1.53659 1.02506 0.992339 0.984739 0.998496
0.00363078 -1.53598 1.00133 0.991341 0.982759 0.998192
0.00436516 -1.53524 1.0132 0.990464 0.981022 0.997825
0.00524807 -1.53436 1.0184 0.989335 0.978787 0.997384
0.00630957 -1.5333 1.00204 0.987917 0.975985 0.996853
0.00758578 -1.53202 0.979343 0.986321 0.972834 0.996213
0.00912011 -1.53048 0.986289 0.984688 0.969616 0.995442
0.0109648 -1.52863 0.989439 0.982584 0.965479 0.994515
0.0131826 -1.52641 0.994615 0.980205 0.960811 0.993398
0.0158489 -1.52372 0.994574 0.977107 0.954749 0.992049
0.0190546 -1.5205 0.966398 0.974251 0.949179 0.990436
0.0229087 -1.5166 1.00746 0.970753 0.942377 0.988506
0.0275423 -1.51192 1.03294 0.965906 0.932991 0.986268
0.0331131 -1.50625 1.02978 0.961117 0.923769 0.983716
0.0398107 -1.49942 0.970519 0.955585 0.913166 0.981041
0.047863 -1.4912 1.01181 0.948507 0.899698 0.97844
0.057544 -1.4812 1.03142 0.940538 0.884644 0.976337
0.0691831 -1.46912 1.04672 0.929833 0.864645 0.975229
0.0831764 -1.45448 1.06437 0.918334 0.843395 0.975889
0.1 -1.43664 1.09624 0.904163 0.817584 0.978977
0.120226 -1.41484 1.11428 0.885681 0.784537 0.985371
0.144544 -1.38811 1.13204 0.864292 0.747113 0.996021
0.17378 -1.35498 1.13461 0.83614 0.699263 1.01182
0.20893 -1.31311 1.22603 0.74935 0.564305 1.03411
0.251189 -1.21122 1.42714 0.0320695 0.00108291 1.08695
0.301995 -1.13723 1.47684 0.0327461 0.00113077 1.12784
0.363078 -1.04655 1.50767 0.0331538 0.00115782 1.17574
0.436516 -0.939613 1.42305 0.0331111 0.00115238 1.22875
0.524807 -0.822047 1.23254 0.0324842 0.00110738 1.28273
0.630957 -0.704336 0.987152 0.0322578 0.001089 1.33263
0.758578 -0.593508 0.748228 0.0317857 0.00105741 1.37546
0.912011 -0.495873 0.556075 0.0314661 0.00103474 1.40913
1.09648 -0.412382 0.384441 0.0312644 0.00102129 1.43523
1.31826 -0.342031 0.262325 0.0310477 0.00100612 1.45437
1.58489 -0.283503 0.171871 0.0311801 0.00101194 1.46787
1.90546 -0.235422 0.123194 0.0310607 0.00100429 1.47769
2.29087 -0.195126 0.0833604 0.0310441 0.00100412 1.48436
2.75423 -0.162454 0.0583222 0.0309564 0.000998165 1.48915
3.31131 -0.134692 0.0417757 0.0310085 0.00100244 1.49238
3.98107 -0.111927 0.0280587 0.0308387 0.000990308 1.49491
4.7863 -0.0927851 0.0200403 0.0309129 0.000996356 1.49663
5.7544 -0.0774072 0.0134836 0.0309805 0.00100158 1.49728
6.91831 -0.0643397 0.00934343 0.0308411 0.000990668 1.49809
8.31764 -0.0534116 0.00640878 0.030914 0.000996312 1.49874
10 -0.0444875 0.0045555 0.0309833 0.00100108 1.49923
